w3 : [
[0.,0.,0.,0.,0.,0.,0.,0.,0.,0.],
[0.,0.,0.,0.,0.,0.,0.,0.,0.,0.],
[0.,0.,0.,0.,0.,0.,0.,0.,0.,0.],
[0.,0.,0.,0.,0.,0.,0.,0.,0.,0.],
[0.,0.,0.,0.,0.,0.,0.,0.,0.,0.],
[0.,0.,0.,0.,0.,0.,0.,0.,0.,0.],
[0.,0.,0.,0.,0.,0.,0.,0.,0.,0.],
[0.,0.,0.,0.,0.,0.,0.,0.,0.,0.],
[0.,0.,0.,0.,0.,0.,0.,0.,0.,0.],
[0.,0.,0.,0.,0.,0.,0.,0.,0.,0.],
[0.,0.,0.,0.,0.,0.,0.,0.,0.,0.],
[0.,0.,0.,0.,0.,0.,0.,0.,0.,0.],
[-9.3894369e-07,-2.3412138e-06,-6.8895164e-04,-3.8329556e-05,
 -4.6928343e-03,-8.3991246e-05, 7.1201455e-03,-2.7932410e-06,
 -1.6300860e-04,-1.4469584e-03],
[-5.0913459e-06,-5.1282032e-06,-1.4462071e-03,-8.9443944e-05,
 -1.0293944e-02,-1.8418173e-04, 1.5557004e-02,-6.3445082e-06,
 -3.5743424e-04,-3.1692304e-03],
[-3.3778001e-06,-1.9501953e-09, 6.9394009e-05,-6.1376290e-06,
 -2.0315028e-05,-3.0033206e-07,-3.7458187e-05,-2.5402420e-07,
 -5.5827570e-07,-9.9036731e-07],
[-1.4074166e-07,-8.1258146e-11, 2.8914169e-06,-2.5573453e-07,
 -8.4645939e-07,-1.2513837e-08,-1.5607576e-06,-1.0584340e-08,
 -2.3261485e-08,-4.1265302e-08],
[0.,0.,0.,0.,0.,0.,0.,0.,0.,0.],
[0.,0.,0.,0.,0.,0.,0.,0.,0.,0.],
[0.,0.,0.,0.,0.,0.,0.,0.,0.,0.],
[0.,0.,0.,0.,0.,0.,0.,0.,0.,0.],
[0.,0.,0.,0.,0.,0.,0.,0.,0.,0.],
[0.,0.,0.,0.,0.,0.,0.,0.,0.,0.],
[0.,0.,0.,0.,0.,0.,0.,0.,0.,0.],
[0.,0.,0.,0.,0.,0.,0.,0.,0.,0.],
[0.,0.,0.,0.,0.,0.,0.,0.,0.,0.],
[0.,0.,0.,0.,0.,0.,0.,0.,0.,0.],
[0.,0.,0.,0.,0.,0.,0.,0.,0.,0.],
[0.,0.,0.,0.,0.,0.,0.,0.,0.,0.],
[0.,0.,0.,0.,0.,0.,0.,0.,0.,0.],
[0.,0.,0.,0.,0.,0.,0.,0.,0.,0.],
[0.,0.,0.,0.,0.,0.,0.,0.,0.,0.],
[0.,0.,0.,0.,0.,0.,0.,0.,0.,0.],
[-4.01769906e-09,-3.98997777e-08,-8.11136670e-06,-1.70381143e-09,
 -3.25498222e-05,-1.01752946e-07, 4.25787148e-05,-5.16423029e-08,
 -4.88822423e-07,-1.22981908e-06],
[-2.3246223e-08,-1.1720566e-07,-2.4579440e-05,-5.5576255e-09,
 -3.7896039e-04,-2.9939218e-07, 4.0980641e-04,-7.3708424e-07,
 -1.4372207e-06,-3.6472925e-06],
[-2.0189027e-06,-6.4646791e-08,-4.1205919e-04,-2.7605258e-06,
 -5.4224238e-02,-1.2109567e-05, 5.4836947e-02,-6.1963859e-05,
 -2.7757799e-06,-1.1893877e-04],
[-1.45906852e-05,-8.78969149e-05,-9.08291433e-04,-8.05456784e-06,
 -1.17739119e-01,-2.11885072e-05, 1.19903855e-01,-6.89021777e-04,
 -4.06616164e-05,-3.95022595e-04],
[-6.71484449e-05,-4.25367523e-03, 3.87828867e-03,-1.55592919e-04,
 -1.17993854e-01,-7.82334464e-05, 1.24000683e-01,-4.01622383e-03,
 -4.25321632e-04,-8.88924696e-04],
[-0.00016179,-0.00333181, 0.00165887,-0.00011484,-0.04873718,-0.00026839,
  0.05365049,-0.00160053,-0.00045785,-0.00063699],
[-0.00150419,-0.00183751,-0.007925  ,-0.00013555,-0.04803782,-0.00125395,
  0.06512304,-0.0008099 ,-0.00080995,-0.00280914],
[ 0.02693244,-0.00037395,-0.03017898,-0.00026382,-0.09746329,-0.00124822,
  0.12093062,-0.00734762,-0.00102725,-0.00995987],
[ 0.05654113,-0.00035431,-0.03331895,-0.00106905,-0.20672987,-0.00602354,
  0.23288676,-0.02391703,-0.00124413,-0.01677103],
[ 0.0234136 ,-0.00034687,-0.02342593,-0.00070457,-0.09492345,-0.00573541,
  0.11813518,-0.0057012 ,-0.00189894,-0.00881241],
[-0.00260652, 0.02776402, 0.00030536,-0.00836658,-0.02135286,-0.0033348 ,
  0.01481725,-0.00035275,-0.00410293,-0.00277016],
[ 0.03111975, 0.04289429, 0.04419155,-0.01089223,-0.13826497,-0.00389493,
  0.05654642,-0.00064434,-0.00186348,-0.01919186],
[ 0.09222963,-0.01008292, 0.08756206,-0.00248478,-0.15605365,-0.0041908 ,
  0.04601702,-0.00121971,-0.00278217,-0.04899461],
[ 0.04529735,-0.00553431, 0.01298778,-0.000673  ,-0.06334048,-0.00240289,
  0.04316061,-0.00057825,-0.00262702,-0.02628974],
[-0.00079045,-0.00023951,-0.02584817,-0.00015786,-0.02535156,-0.00472831,
  0.0611053 ,-0.00018123,-0.00174979,-0.00205838],
[-5.7189295e-04,-4.5167642e-05,-2.4535757e-02,-1.4829355e-04,
 -4.8080720e-02,-4.7549610e-03, 8.1203401e-02,-2.7233904e-04,
 -1.1097332e-03,-1.6845689e-03],
[-4.0628220e-04,-9.3084702e-05,-1.1353196e-02,-1.5653527e-04,
 -3.7597150e-02,-2.4502724e-03, 5.6896832e-02,-1.3222534e-04,
 -5.3666893e-04,-4.1714078e-03],
[-2.77788466e-04,-6.89921508e-05,-3.48022324e-03,-2.13538824e-05,
 -3.46142352e-02,-5.78232168e-04, 4.15649340e-02,-1.48775325e-05,
 -8.54099402e-04,-1.65513472e-03],
[-7.7825920e-05,-6.1495652e-05,-4.6471896e-04,-1.3031395e-06,
 -5.2617606e-02,-1.6439368e-05, 5.5389728e-02,-2.5485067e-05,
 -5.6207221e-04,-1.5627744e-03],
[-7.4815762e-07,-5.0192202e-06,-2.1237186e-04,-5.2651185e-08,
 -2.4687242e-02,-8.8135084e-06, 2.5251416e-02,-2.7868529e-05,
 -6.5648797e-05,-2.4365769e-04],
[0.,0.,0.,0.,0.,0.,0.,0.,0.,0.],
[0.,0.,0.,0.,0.,0.,0.,0.,0.,0.],
[0.,0.,0.,0.,0.,0.,0.,0.,0.,0.],
[0.,0.,0.,0.,0.,0.,0.,0.,0.,0.],
[0.,0.,0.,0.,0.,0.,0.,0.,0.,0.],
[0.,0.,0.,0.,0.,0.,0.,0.,0.,0.],
[-2.0131476e-07,-3.2296321e-09,-1.0114932e-06,-3.9924881e-09,
 -8.4273952e-06,-2.1362096e-06, 1.5330786e-05,-1.7247084e-11,
 -2.3104728e-06,-1.2361626e-06],
[ 4.4941828e-03,-4.8283797e-11,-1.6946846e-05,-6.0107618e-07,
 -4.2851488e-03,-9.7521151e-05, 3.8855910e-04,-2.3202912e-04,
 -2.0902562e-06,-2.4840469e-04],
[ 1.6576661e-03,-2.0041043e-06,-1.0250474e-03,-8.1934269e-07,
 -2.1534727e-03,-1.9697316e-05, 1.7485756e-03,-8.2489176e-05,
 -2.8076063e-05,-9.4638119e-05],
[-1.5990746e-04,-6.2842319e-06,-5.6376328e-05,-2.0760896e-04,
 -1.2008726e-03,-8.9195692e-06, 1.6719272e-03,-2.9217986e-06,
 -2.3320968e-05,-5.7172138e-06],
[-3.2190360e-02,-3.3335466e-05,-1.9316595e-03,-1.1401996e-03,
 -5.2863453e-02,-3.4625398e-05, 8.8815644e-02,-3.4130010e-04,
 -1.2304680e-04,-1.5764195e-04],
[-0.03871938,-0.00251962,-0.00762206,-0.00294516,-0.17467071,-0.00091936,
  0.23072442,-0.00194779,-0.00062935,-0.00075087],
[-0.0274393 ,-0.04483053, 0.04790659,-0.01935383,-0.22699136,-0.0066022 ,
  0.28743318,-0.00569223,-0.00255854,-0.00187147],
[-0.02542174,-0.08888623, 0.17911775,-0.03286337,-0.18832555,-0.02736351,
  0.20595282,-0.00593855,-0.01209684,-0.00417439],
[-0.0256576 ,-0.05787582, 0.10067779,-0.00893405,-0.2893735 ,-0.0760068 ,
  0.4136609 ,-0.01375934,-0.02718054,-0.01555034],
[-0.05633649,-0.07207145, 0.17497255, 0.05293961,-0.3087138 ,-0.13859491,
  0.4644956 ,-0.04090307,-0.05443357,-0.02135292],
[-0.06811894, 0.01521887, 0.10890318, 0.06719638,-0.40981165,-0.12072197,
  0.53683937,-0.03947733,-0.05710087,-0.03292442],
[-0.09825325, 0.19257122,-0.02480216, 0.01702354,-0.26607448,-0.11638959,
  0.42763   ,-0.02057019,-0.07724772,-0.03388564],
[-0.16780694, 0.17350392, 0.04314798, 0.01747767,-0.12103323,-0.13607487,
  0.3183248 ,-0.0239016 ,-0.0728569 ,-0.03077761],
[-0.19594266, 0.35785207, 0.17067493,-0.06149352,-0.23718265,-0.07065192,
  0.17719963,-0.02340739,-0.0789059 ,-0.03813854],
[-0.14323805, 0.24090077, 0.13699697,-0.04925001,-0.32518885, 0.01482712,
  0.27342418,-0.01464742,-0.08540621,-0.04841571],
[-0.12464591, 0.07995586,-0.032591  ,-0.04688517,-0.15335013, 0.09314562,
  0.2858576 ,-0.00932158,-0.06401364,-0.02815072],
[-0.07630332,-0.01181731,-0.02160942,-0.0674657 ,-0.13896275, 0.06650747,
  0.27680126,-0.00376763,-0.00657841,-0.01680321],
[-0.05732086, 0.04321516,-0.0825718 ,-0.03468704,-0.10358054,-0.01541377,
  0.32352155,-0.00203769,-0.05785166,-0.01327316],
[-0.04524028,-0.00207012,-0.02350503,-0.01068482,-0.09069459,-0.10850201,
  0.30959284,-0.00176018,-0.0177534 ,-0.00938208],
[-0.01886989,-0.00917477,-0.02863731,-0.01111825,-0.07661435,-0.10588426,
  0.27963316,-0.0012843 ,-0.01588498,-0.01216469],
[-0.00630812,-0.00480752,-0.04596104,-0.00726951,-0.07623838,-0.05527379,
  0.21377665,-0.00055293,-0.01125674,-0.00610856],
[-3.3528164e-03,-5.4239007e-03,-1.3927278e-02,-1.9303611e-03,
 -4.6554115e-02,-4.5350641e-02, 1.2299391e-01,-5.7609766e-05,
 -5.4895589e-03,-9.0753258e-04],
[-5.6069146e-04,-2.3715624e-03, 3.9946865e-02,-1.8408583e-04,
 -3.4561534e-03,-1.6314678e-02,-1.4994086e-02,-1.8820292e-05,
 -2.0252797e-03,-2.1505308e-05],
[-8.8493425e-06,-3.0936731e-04, 2.9463699e-02,-4.4753898e-07,
 -3.6043607e-04,-6.4788817e-04,-2.7653778e-02,-7.6165954e-08,
 -4.7222598e-04,-1.0637595e-05],
[0.,0.,0.,0.,0.,0.,0.,0.,0.,0.],
[0.,0.,0.,0.,0.,0.,0.,0.,0.,0.],
[0.,0.,0.,0.,0.,0.,0.,0.,0.,0.],
[0.,0.,0.,0.,0.,0.,0.,0.,0.,0.],
[-4.4372680e-07, 1.1312292e-03,-1.5291318e-04,-6.6891567e-05,
 -1.8570265e-05,-1.5727377e-05,-6.2744878e-04,-2.8131710e-09,
 -2.4644958e-04,-2.7810188e-06],
[ 1.0962199e-02, 2.6933051e-04,-2.4534317e-04,-4.3540182e-05,
 -1.5680373e-02, 6.5203244e-04, 7.2566736e-03,-6.7653658e-04,
 -1.5447793e-03,-9.4966369e-04],
[-8.2659349e-03,-7.5506105e-05,-7.0896246e-03,-6.6224746e-03,
 -6.1240499e-03, 2.1352563e-02, 8.3500240e-03,-1.0458196e-03,
 -1.9576537e-04,-2.8339887e-04],
[-0.07272768,-0.00610665,-0.00429564, 0.14325407,-0.00577883,-0.07538497,
  0.02870856,-0.00117135,-0.00609373,-0.00040371],
[-0.11353956,-0.00593102,-0.00235865, 0.10706585,-0.11218205,-0.04725222,
  0.19062045,-0.00202474,-0.01316824,-0.00122942],
[-0.13241723,-0.03497822, 0.05427954, 0.1570171 ,-0.18123215,-0.05520194,
  0.24182586,-0.01820364,-0.02835372,-0.00273451],
[-0.03558603,-0.09764813, 0.21179952, 0.20221542,-0.3448957 ,-0.06973111,
  0.22965181,-0.05683471,-0.0273037 ,-0.01166633],
[-0.06982996,-0.13395934, 0.5785686 , 0.06203621,-0.4658108 ,-0.11347465,
  0.24479336,-0.06368588,-0.00957823,-0.02905576],
[-0.0173949 ,-0.21632157, 0.4298095 , 0.19994129,-0.41670305,-0.08692186,
  0.30580235,-0.11656471,-0.02888896,-0.05275414],
[ 0.03439886,-0.34744677, 0.45526293, 0.53965485,-0.48948744,-0.18305056,
  0.38375136,-0.19776551,-0.1140152 ,-0.08129764],
[-0.00832982,-0.12893766, 0.4526853 , 0.6182224 ,-0.7418666 ,-0.06438426,
  0.25747186,-0.1465501 ,-0.11902382,-0.11928229],
[ 0.21784565,-0.04781817, 0.5821409 , 0.3103817 ,-0.8834574 ,-0.11409408,
  0.3432099 ,-0.14419535,-0.07237104,-0.19164014],
[ 0.2063081 ,-0.12222411, 0.3112289 , 0.6096245 ,-0.6045406 ,-0.09278905,
  0.2575832 ,-0.13608465,-0.2028012 ,-0.22630274],
[ 0.11602723, 0.05422548, 0.24163339, 0.48404455,-0.56877714, 0.01551167,
  0.2208886 ,-0.13062891,-0.1870886 ,-0.24583627],
[ 0.14964062, 0.18716839, 0.33044466, 0.3641578 ,-0.5230337 ,-0.09288222,
 -0.02422389,-0.09734889,-0.09921678,-0.19470811],
[ 0.00796038,-0.10961318, 0.19838762, 0.33830768,-0.34267443, 0.06662741,
  0.00328048,-0.05404733, 0.00082653,-0.10905538],
[-0.1898662 ,-0.32201728,-0.16463736, 0.44949672,-0.24850504, 0.20077045,
  0.21374297,-0.04543705, 0.13154082,-0.02508642],
[-0.2449128 ,-0.14556673,-0.18325014, 0.3560011 ,-0.03397182, 0.20692623,
  0.22575556,-0.02184496,-0.11679354,-0.04234173],
[-0.13867271,-0.18901438,-0.26851887, 0.4169577 , 0.01770477, 0.2830329 ,
  0.01903538,-0.0272212 ,-0.07025003,-0.04305033],
[-0.14898194,-0.17397933,-0.18747057,-0.07486255,-0.00321464, 0.27234876,
  0.27433524,-0.01573138, 0.08766988,-0.03011192],
[-0.11017117,-0.14483552,-0.17634776,-0.18373244, 0.04790964, 0.12877165,
  0.32724828,-0.00338818, 0.12163522,-0.00708866],
[-0.04085271,-0.1020652 ,-0.13729201,-0.10137288, 0.04678496,-0.10363638,
  0.31488898,-0.00126238, 0.12652749,-0.00171886],
[-0.01154957,-0.08202828,-0.0120356 ,-0.03011305,-0.00591034,-0.05152074,
  0.16957885,-0.00046606, 0.02450685,-0.00046199],
[-5.6969118e-04,-2.3705691e-02, 2.4128564e-02,-7.1724999e-04,
 -4.6953518e-04, 7.5580053e-02,-8.2119696e-02,-1.3343753e-04,
  8.0796685e-03,-7.2993658e-05],
[-1.4628187e-03,-2.9933352e-02,-2.7326803e-04,-8.7027587e-07,
 -6.5588618e-05, 1.5046716e-02, 1.8276911e-02,-4.7503592e-09,
 -1.5874787e-03,-2.4319354e-07],
[0.,0.,0.,0.,0.,0.,0.,0.,0.,0.],
[0.,0.,0.,0.,0.,0.,0.,0.,0.,0.],
[-5.7428999e-09,-1.0458360e-08,-8.6755736e-06, 1.4591344e-05,
 -7.4340690e-08,-5.3989065e-06,-3.8100878e-09,-3.3733305e-09,
 -4.1578232e-07,-3.4933856e-09],
[-2.88118736e-05, 3.87543696e-03,-9.09146445e-04, 1.57495588e-03,
 -1.66107077e-06,-1.67433091e-03,-2.27839081e-03,-1.41523895e-08,
 -5.56949875e-04,-1.08773133e-06],
[-0.00080108, 0.00070967,-0.00681012, 0.01927445,-0.0037837 ,-0.00626861,
 -0.00064532, 0.00065156,-0.00197668,-0.00035015],
[-0.00831681, 0.01320272,-0.05391474, 0.05407149, 0.02804177,-0.04857876,
  0.02365595,-0.00249212,-0.00523838,-0.00043106],
[-0.11183366, 0.07021153, 0.02353732, 0.326649  , 0.02839059,-0.25369552,
  0.02301069,-0.0373242 ,-0.06057653,-0.00836783],
[-0.13872412, 0.06654844, 0.19672613, 0.40590203,-0.0931198 ,-0.2987864 ,
  0.00915586,-0.04588806,-0.09303124,-0.00878037],
[-0.06334963,-0.01554952, 0.12392911, 0.44037798,-0.11190727,-0.19976819,
  0.01032247,-0.09714103,-0.05658153,-0.03033065],
[ 0.02378502,-0.03076196, 0.24884278, 0.5186309 ,-0.30089727,-0.37608916,
  0.11001401,-0.15691999, 0.04366577,-0.08026621],
[ 0.16793923,-0.06285346, 0.5027792 , 0.3729329 ,-0.41543382,-0.31992954,
 -0.00470579,-0.27466342, 0.19814748,-0.16421038],
[ 0.15930109,-0.10174845, 0.34229535, 0.54159284,-0.53353333,-0.05124878,
  0.00808426,-0.38182464, 0.19761759,-0.1805357 ],
[ 0.22345056,-0.3116723 , 0.38719156, 0.639937  ,-0.47952774, 0.18667021,
 -0.11204772,-0.40123743, 0.16346121,-0.2962238 ],
[-0.08982146,-0.1327573 , 0.37601694, 0.48150262,-0.33676428, 0.06192685,
 -0.08957485,-0.33617985, 0.44815788,-0.38251218],
[ 0.04565591, 0.23710227, 0.214036  , 0.49472263,-0.0857848 ,-0.33977452,
  0.00244487,-0.35070676, 0.12994403,-0.3476448 ],
[-0.0400156 , 0.21702275, 0.36412677, 0.3413091 ,-0.34144387,-0.00633353,
 -0.07289664,-0.4116485 , 0.41463378,-0.46475708],
[ 0.12708464, 0.00730927, 0.18712746, 0.43589017,-0.5089851 , 0.43421748,
 -0.16151671,-0.37411043, 0.35045382,-0.49747425],
[-0.04494527, 0.05240618, 0.1959836 , 0.4581045 ,-0.2363068 , 0.06338514,
  0.04530243,-0.35862923, 0.36881214,-0.54411775],
[ 0.10333006,-0.03853387, 0.08288452, 0.17618869,-0.11047994, 0.09317904,
  0.16880733,-0.31063718, 0.19365025,-0.35839137],
[-0.02659147,-0.2734234 , 0.02450749, 0.40210712,-0.11615321, 0.37365055,
  0.03934623,-0.24287555, 0.08466812,-0.2652372 ],
[-0.09737719, 0.12586957,-0.1693033 , 0.11952251, 0.24830052, 0.13481708,
  0.06159777,-0.14769019, 0.04403303,-0.31977117],
[-0.04185881, 0.0918221 ,-0.169597  ,-0.00364692, 0.3503753 ,-0.24571599,
  0.10079698,-0.11947481, 0.25925642,-0.22195815],
[-0.13176396, 0.03191992,-0.40494463,-0.12484493, 0.33017048, 0.24370861,
  0.25013217,-0.0449871 , 0.06552826,-0.21491796],
[-0.11360855,-0.1238647 ,-0.47477847,-0.09135467, 0.3822934 , 0.16295867,
  0.33302334,-0.05835194, 0.09689257,-0.11320759],
[-0.19967587,-0.1947249 ,-0.36665845,-0.29353982, 0.35931402, 0.4410687 ,
  0.28755832,-0.0234848 , 0.02634385,-0.0361974 ],
[-0.20878689,-0.32374325,-0.1991025 ,-0.04992045, 0.22468124, 0.53922373,
 -0.1203991 ,-0.00575793, 0.1525174 ,-0.00871047],
[-0.04755535,-0.15818691,-0.00732929,-0.0053216 ,-0.01875736, 0.19336984,
 -0.07676914,-0.00130255, 0.12399489,-0.00214212],
[-0.00603949,-0.020637  ,-0.00430452,-0.00025388,-0.03488438, 0.02179671,
 -0.00382669,-0.00026347, 0.04983953,-0.00142679],
[-7.9130230e-05,-1.2407354e-02,-3.8011728e-03,-1.3439598e-05,
 -5.4757730e-03,-4.2716968e-03, 1.9213954e-02,-1.6287811e-05,
  6.9966973e-03,-1.4579580e-04],
[0.,0.,0.,0.,0.,0.,0.,0.,0.,0.],
[0.,0.,0.,0.,0.,0.,0.,0.,0.,0.],
[-2.6107318e-04, 5.0296535e-04, 7.4008887e-04, 1.8645588e-03,
 -1.0488010e-04,-2.4775742e-03,-1.5001001e-05,-6.8152212e-07,
 -2.4779877e-04,-6.0507637e-07],
[-0.00611361, 0.01488438,-0.00644531, 0.11234049, 0.00234787,-0.04061287,
 -0.04593806,-0.00144304,-0.02313071,-0.00588914],
[-0.02808571, 0.03050398,-0.01084531, 0.22020712, 0.03563405,-0.18901338,
  0.04018298,-0.01710714,-0.0676377 ,-0.01383771],
[-0.1624289 , 0.15322693, 0.03574681, 0.45936486, 0.07429153,-0.27706173,
 -0.1887428 , 0.13940127,-0.19183677,-0.04195789],
[-0.03938588, 0.08214955, 0.06603031, 0.49072903,-0.03289347,-0.37776977,
 -0.12405961, 0.18485951,-0.14879462,-0.10086203],
[ 0.00837125,-0.16373459, 0.10793136, 0.3355638 ,-0.10205045,-0.09706725,
 -0.14393973, 0.19483116, 0.00393211,-0.14383748],
[ 0.08778559,-0.37500358, 0.22604366, 0.11559024,-0.06517988,-0.19379652,
  0.1298927 , 0.26625782,-0.00096671,-0.19062321],
[ 0.11416318,-0.4186297 , 0.0712567 , 0.18456912,-0.01457505, 0.09484698,
 -0.017315  , 0.15246609, 0.10157733,-0.26836064],
[ 0.26867446,-0.24965566, 0.18686168, 0.16543952,-0.213521  , 0.21693869,
  0.08720581,-0.13834469,-0.18149407,-0.14210895],
[ 0.13842762,-0.37487108, 0.24446213, 0.20923656,-0.1358254 , 0.16849414,
 -0.47330812,-0.2475014 , 0.23328008, 0.23760061],
[-0.0949098 ,-0.32488325, 0.21705358, 0.09969661,-0.01752345, 0.00508278,
 -0.26555625,-0.06861524, 0.34647235, 0.10317803],
[ 0.17491944,-0.04774111, 0.15007041, 0.08987344,-0.3138439 ,-0.04580272,
 -0.35787293,-0.11205793, 0.1264659 , 0.3359847 ],
[ 0.2132512 , 0.02720345, 0.09861062, 0.0372152 , 0.00165275,-0.18894741,
  0.04296534,-0.3193123 , 0.21199065,-0.12463433],
[ 0.12948494, 0.28385478, 0.19175373, 0.19775057,-0.02024211,-0.17193413,
 -0.2617594 ,-0.44344   , 0.09250357, 0.00202224],
[ 0.09615039,-0.14256921, 0.36229655, 0.3921139 , 0.04080071, 0.02430643,
 -0.1768005 ,-0.3216577 , 0.17393294,-0.44858015],
[ 0.3335809 ,-0.26626915, 0.15738636,-0.03452564,-0.15140241, 0.12729321,
 -0.02326773,-0.3594458 , 0.503239  ,-0.28659332],
[ 0.41183642,-0.03013865, 0.10022587, 0.0222021 , 0.08470274, 0.18135187,
  0.13946457,-0.4295706 ,-0.21547684,-0.26460254],
[ 0.10201012, 0.04695201,-0.0181219 , 0.18199329, 0.17232917,-0.02732361,
  0.22426552,-0.5907308 , 0.15755159,-0.24892782],
[-0.14097305, 0.12281875, 0.06054581, 0.00721261, 0.06449836, 0.34960178,
  0.06777911,-0.58468413, 0.27600664,-0.22281107],
[ 0.00076266, 0.35318813, 0.06141727,-0.14602801, 0.05745828, 0.11187429,
  0.11231553,-0.35308716, 0.10307892,-0.30098072],
[-0.00176527, 0.31416157,-0.16106237,-0.10195544, 0.26446098, 0.39871946,
 -0.01626252,-0.23529708,-0.05968118,-0.401317  ],
[-0.2669727 , 0.1159778 ,-0.3439814 ,-0.3281859 , 0.4884503 , 0.4662375 ,
  0.355906  ,-0.11964387,-0.12962595,-0.23816156],
[-0.33610886,-0.04139606,-0.29601276,-0.08894843, 0.11373325, 0.5392813 ,
  0.13328408,-0.027497  , 0.09779437,-0.09412638],
[-0.13600871,-0.21901476,-0.0600957 ,-0.02306369,-0.07910109, 0.39904577,
 -0.07054415,-0.00910656, 0.2351038 ,-0.03721253],
[-0.04495451,-0.04744175,-0.01629329,-0.00412958,-0.04858711, 0.10648509,
  0.0417885 ,-0.00520821, 0.02965844,-0.01131742],
[-1.8719850e-02,-1.6682355e-02,-5.5895480e-03,-1.1092102e-04,
 -4.7641475e-04, 1.5319286e-02, 2.8716642e-02,-1.7725813e-04,
 -2.2477605e-03,-3.1820546e-05],
[0.,0.,0.,0.,0.,0.,0.,0.,0.,0.],
[-5.9190320e-06,-1.2804254e-06,-9.9103017e-05, 1.1508998e-03,
 -2.0334178e-06,-5.3982170e-05,-1.7548203e-07,-1.5494397e-05,
 -6.0266615e-05,-9.1264508e-04],
[-0.00170988,-0.03232775,-0.01343187, 0.02062223,-0.00094395, 0.0054173 ,
 -0.0013925 , 0.03390361,-0.00530376,-0.00483344],
[-0.00278334, 0.01468471, 0.00723141, 0.16711174,-0.0458506 ,-0.15466125,
 -0.0575486 , 0.1784473 ,-0.0667309 ,-0.03989979],
[-0.04576552, 0.02001728, 0.10744612, 0.20099296, 0.04371886,-0.22717124,
  0.02186331, 0.11486642,-0.13060215,-0.105364  ],
[-0.00123183,-0.01273479, 0.0665055 , 0.24136682, 0.22349033,-0.15658738,
 -0.12915786, 0.27032435,-0.18529962,-0.31667182],
[ 0.03956861,-0.08674271, 0.17415363, 0.27563325, 0.1514479 ,-0.10768778,
 -0.28565487, 0.39982837,-0.22423068,-0.33631504],
[ 0.05272472,-0.2603014 , 0.10871424, 0.07172953, 0.07843387, 0.02471549,
 -0.04316878, 0.40438858,-0.07622262,-0.36101574],
[ 1.03082275e-04,-4.00088966e-01, 7.58194104e-02, 2.25413129e-01,
 -2.76732668e-02,-3.55572999e-02,-3.46620753e-02, 3.90096694e-01,
 -3.95254605e-02,-1.53926879e-01],
[-0.27827987,-0.5186849 , 0.26976824, 0.3692065 , 0.14784382,-0.06552959,
 -0.19670282, 0.20701088, 0.01968741, 0.0456778 ],
[-0.006492  ,-0.18485789, 0.2730312 , 0.39600304,-0.17202888,-0.02432168,
 -0.3870643 , 0.30795327,-0.14308451,-0.05914275],
[-0.05705413,-0.09838498,-0.02456828, 0.21317431,-0.3285711 ,-0.12199698,
 -0.29326993, 0.45807222,-0.02175917, 0.27435574],
[-0.28952724,-0.22885235, 0.09190622,-0.01229566,-0.21553151,-0.00058218,
 -0.17447755, 0.312339  , 0.3876143 , 0.12940533],
[ 0.32795647,-0.3223811 , 0.0377767 , 0.38089374,-0.38665038,-0.04918775,
 -0.46565717,-0.03922848, 0.07533882, 0.44113758],
[ 0.20182167,-0.18610935,-0.03978164, 0.15572397,-0.462335  , 0.2009201 ,
 -0.2810966 ,-0.00883616, 0.0040168 , 0.41567427],
[-0.050487  ,-0.24470335, 0.10169261, 0.09240191,-0.51485604,-0.14000294,
 -0.0786169 , 0.07844445, 0.4680037 , 0.28811958],
[ 0.01933476,-0.22592452, 0.2320017 , 0.21460783,-0.50817025,-0.12034945,
 -0.28022802, 0.0407293 , 0.15420052, 0.4737927 ],
[ 0.16141199,-0.35932916, 0.08324912,-0.01880677,-0.28755447,-0.03546524,
 -0.24083984, 0.11061276, 0.17823447, 0.40848374],
[ 0.3628015 ,-0.13078482,-0.04603434, 0.43298402,-0.4698125 , 0.07521436,
 -0.42717654, 0.06687013,-0.24703369, 0.38296998],
[-0.01193293,-0.2461897 ,-0.14580594,-0.1267477 ,-0.13969669, 0.35052586,
 -0.23224486,-0.07592899, 0.52979   , 0.09822794],
[ 0.08468811, 0.06741424,-0.18429337, 0.13721995,-0.26034704, 0.20906684,
 -0.1299436 ,-0.13788147, 0.12576696, 0.08830671],
[ 0.3612352 , 0.07319877,-0.11189407, 0.08001622,-0.13951325,-0.11918914,
 -0.07569125,-0.02438249, 0.03875963,-0.08254132],
[ 0.43196595, 0.10982733,-0.22863953,-0.11193185, 0.21447566, 0.1568084 ,
 -0.06135621,-0.17679113,-0.08788373,-0.24647515],
[-0.01097031, 0.13706154,-0.5689169 ,-0.18454167, 0.5431909 , 0.2584273 ,
  0.1057201 ,-0.2641789 , 0.29364324,-0.3094349 ],
[-0.4927628 , 0.00975986,-0.3274926 ,-0.03774292, 0.13449177, 0.82447016,
  0.10372907,-0.10589474, 0.11653022,-0.22508852],
[-0.35010883,-0.1655642 ,-0.07361943,-0.05301853,-0.02158913, 0.51756066,
 -0.02972951,-0.04724052, 0.29708746,-0.07377642],
[-0.1711495 ,-0.02211899,-0.01059677,-0.01347613, 0.08666829, 0.1653492 ,
 -0.05170493,-0.01468249, 0.0634514 ,-0.03173971],
[-4.9696177e-02,-4.9116959e-05,-3.4730250e-04,-1.1184894e-04,
 -2.9041134e-03, 6.8018951e-02,-3.7571825e-03,-7.1929401e-04,
 -1.0139138e-02,-2.9478184e-04],
[0.,0.,0.,0.,0.,0.,0.,0.,0.,0.],
[-3.1415737e-04,-3.0697812e-03,-2.8333752e-03, 2.7337752e-02,
 -1.0926139e-03,-1.5750508e-03,-5.2012119e-06, 1.0369390e-02,
 -5.6036352e-03,-2.3213316e-02],
[-0.00019427,-0.05808499, 0.04371192,-0.03208639,-0.00167623,-0.01197689,
 -0.00614207, 0.10002882,-0.00860137,-0.02497843],
[-0.00140119,-0.02077436, 0.07636914, 0.05927344,-0.0124188 ,-0.18098287,
 -0.06925841, 0.3183847 ,-0.04694473,-0.12224556],
[-0.08256523,-0.00165517, 0.348908  , 0.394475  , 0.11632865,-0.59274364,
  0.01679359, 0.17747313,-0.09093518,-0.286074  ],
[ 0.00485211,-0.1551072 , 0.22748965, 0.5431738 , 0.36095363,-0.36047766,
 -0.06249892, 0.02000738,-0.06011102,-0.5182782 ],
[ 0.10707284,-0.24919426, 0.3602929 , 0.24785449, 0.15287386,-0.04674791,
 -0.38236463, 0.30373767,-0.13957956,-0.35394552],
[-0.06563967,-0.29068255,-0.06649334, 0.07887637, 0.16275497, 0.22593121,
 -0.01356315, 0.33705664,-0.03143281,-0.3368078 ],
[-0.2489923 ,-0.58540815, 0.2127557 , 0.12467391, 0.00364719, 0.26785353,
 -0.09012245, 0.12638044, 0.22868943,-0.0394775 ],
[ 0.02901682,-0.38485262, 0.00397137, 0.1032213 , 0.04046402, 0.12086198,
 -0.18795931, 0.29016075,-0.09395604, 0.0790708 ],
[ 0.04152634,-0.09229404,-0.14274883,-0.02675532,-0.2351407 , 0.300449  ,
 -0.23900102, 0.33648333, 0.10538591,-0.04790571],
[ 0.13298783,-0.25972545, 0.13471954,-0.01761943,-0.14269336, 0.13747703,
 -0.05334741, 0.22798692,-0.1986466 , 0.03886113],
[-0.01386423,-0.0174809 ,-0.11999462, 0.198136  ,-0.4347748 , 0.06388941,
 -0.15515307, 0.20414275,-0.14468852, 0.41978773],
[ 0.22345711,-0.24006382, 0.33836985,-0.06239707,-0.2926966 ,-0.2845421 ,
 -0.35196388, 0.19446139,-0.02829436, 0.5036687 ],
[ 0.07485759,-0.09470449, 0.13417614, 0.33975807,-0.46174812, 0.21451074,
 -0.04849918,-0.15488793,-0.46792197, 0.4644581 ],
[-0.06212953,-0.42145962,-0.06106032, 0.3080591 ,-0.4100047 ,-0.24080954,
 -0.07528535, 0.13548027, 0.3064975 , 0.5207104 ],
[-0.02745879,-0.21672381, 0.05856002, 0.01437345,-0.42236593, 0.19253041,
 -0.41074815, 0.21211134, 0.05562052, 0.5440979 ],
[ 0.30612472,-0.23183039,-0.27984273, 0.16623099,-0.10738216, 0.11734145,
 -0.27083898, 0.27722386,-0.2873733 , 0.3103468 ],
[ 0.3041814 ,-0.33436742,-0.01053087,-0.13026856,-0.31513822, 0.15508208,
 -0.38676637, 0.33503303, 0.21949187, 0.16327888],
[ 0.14991072,-0.03761479,-0.1292092 , 0.15704289,-0.07080264, 0.1358102 ,
 -0.3635273 , 0.12341588,-0.08045305, 0.1154246 ],
[-0.07064054, 0.10505518,-0.25837412, 0.07349285,-0.06726617, 0.06941243,
 -0.41935602, 0.37235397,-0.02714239, 0.22246268],
[ 0.01706033,-0.05762813, 0.02305435,-0.2922451 ,-0.01561597, 0.20269024,
 -0.2786597 , 0.215217  , 0.16020015, 0.02592421],
[ 0.06653734,-0.11618543, 0.20708804,-0.2392034 , 0.25030136, 0.18328094,
 -0.3572035 , 0.15048163, 0.03396524,-0.17906432],
[ 0.26526102,-0.13954175,-0.6931384 ,-0.31120092, 0.48135063, 0.33471727,
 -0.1724592 , 0.00302577, 0.41492873,-0.18294673],
[-0.19339958,-0.3791951 ,-0.5142009 ,-0.21456316, 0.2193349 , 0.7340669 ,
  0.13118468,-0.03835294, 0.5098707 ,-0.25474107],
[-0.38722196,-0.24556933,-0.1055408 ,-0.06910389, 0.04100697, 0.9362099 ,
 -0.11871526,-0.07637262, 0.1334802 ,-0.10816653],
[-0.17886762,-0.01104743,-0.01676398,-0.00624432, 0.12373733, 0.15000291,
 -0.0618819 ,-0.01263246, 0.05576431,-0.04206643],
[-0.01266582,-0.00687593,-0.00141792,-0.00025052,-0.0032266 , 0.03173517,
 -0.01311838,-0.00051401, 0.00797865,-0.00164464],
[ 1.4424993e-02,-7.2082045e-08,-1.6554138e-04,-5.5916792e-07,
 -3.9997333e-04,-2.7535536e-06,-2.5587181e-06,-9.8660644e-03,
 -1.4859123e-05,-3.9726119e-03],
[-2.0967379e-04,-2.5023133e-03, 2.6511475e-03,-1.3147308e-02,
 -1.9031940e-02,-7.7086687e-04,-6.9738221e-06, 8.1152491e-02,
 -5.5534919e-03,-4.2581066e-02],
[ 0.00333426,-0.03783082, 0.02045677,-0.03278657, 0.01921025,-0.01993203,
 -0.00666077, 0.158519  ,-0.01020851,-0.09410128],
[ 0.01484759,-0.00518194, 0.06346995, 0.05650409, 0.00657221,-0.1864783 ,
 -0.04533999, 0.39811292,-0.0028524 ,-0.29965103],
[-0.12790608,-0.03146648, 0.38950154, 0.43693852, 0.08017601,-0.7741921 ,
  0.03809467, 0.3266172 , 0.04719545,-0.3849506 ],
[-0.05937573,-0.11030784, 0.11126053, 0.19533725, 0.28879753,-0.35415986,
 -0.1362171 , 0.24737372, 0.1400283 ,-0.3227365 ],
[-0.02453465,-0.2514178 , 0.01901213, 0.03497541, 0.04512708,-0.10488006,
 -0.3108932 , 0.26776004, 0.29310727, 0.03174353],
[-0.11496896,-0.17561239,-0.01007156, 0.03757418, 0.11315694,-0.21531884,
 -0.1933522 , 0.6567124 , 0.25942352,-0.35754576],
[-0.00207934,-0.4593989 , 0.07182766,-0.07074395,-0.18183573, 0.14442445,
 -0.20247558, 0.32987523,-0.00434684, 0.37475404],
[ 0.35568723,-0.50585216,-0.11169136,-0.10378469, 0.10077401, 0.02966554,
 -0.10042296, 0.19514984, 0.21075708,-0.07028259],
[ 0.06401576,-0.21587332, 0.31131878, 0.05105935,-0.20390563, 0.09514476,
 -0.18844804, 0.08675503, 0.08456543,-0.08463153],
[-0.02907704,-0.28436765, 0.03720376, 0.02525202, 0.0678745 , 0.0782472 ,
 -0.10750473, 0.37629786,-0.06101573,-0.10290918],
[ 0.28180653,-0.06711895,-0.22134861, 0.10352895,-0.23805925,-0.08028851,
 -0.20763133, 0.47754437, 0.34471014,-0.393143  ],
[ 0.03029545, 0.04825043,-0.15718606, 0.14879888,-0.34379768,-0.02596448,
 -0.23321311, 0.05011071, 0.2871626 , 0.19554399],
[ 0.28361696, 0.00983986, 0.00744777, 0.17373803,-0.46604252,-0.04157994,
 -0.4722466 , 0.3319747 ,-0.2068686 , 0.38011914],
[ 0.31119052, 0.01893164,-0.01640457, 0.1342503 ,-0.21511655,-0.14164151,
 -0.5667009 , 0.34651417,-0.06852752, 0.19750364],
[ 0.7018357 ,-0.32450154,-0.07934982, 0.06447209,-0.5773504 , 0.04106284,
 -0.5046583 , 0.27393878, 0.22007382, 0.18447492],
[ 0.3169237 , 0.13307813, 0.06042477, 0.09160002,-0.28532496, 0.06728068,
 -0.39994517, 0.10161115,-0.08682623, 0.00117641],
[ 1.07422434e-01,-2.62171298e-01,-2.73519278e-01, 4.16795105e-01,
 -5.60519174e-02, 6.30101364e-04,-7.17802644e-01, 4.58961844e-01,
  1.54086784e-01, 1.71646386e-01],
[ 4.0893536e-04,-7.2643608e-02, 2.1822372e-01, 1.2895277e-01,
 -1.5170993e-01, 1.2591963e-01,-5.9835678e-01, 7.7430122e-02,
  2.2746421e-01, 4.4309590e-02],
[ 0.24558371,-0.2969629 , 0.11616317, 0.10794527,-0.11029526, 0.33122584,
 -0.43372592, 0.27525952,-0.00429695,-0.23089698],
[ 0.08663436,-0.3294648 ,-0.16735506, 0.03486179, 0.04951523, 0.16371617,
 -0.29999757,-0.02791117, 0.2514995 , 0.23849723],
[ 0.19759022,-0.3190495 ,-0.10513439, 0.41401   ,-0.15089114, 0.07690775,
 -0.54325354, 0.28543583, 0.13786106, 0.00652178],
[ 0.51967657,-0.56222636,-0.04506813,-0.6390459 , 0.22641905, 0.7406477 ,
 -0.53725153, 0.13829464, 0.34291303,-0.18435574],
[ 0.10143228,-0.59330165,-0.5620574 ,-0.48451596, 0.13138893, 1.2993296 ,
 -0.3185363 ,-0.1279923 , 0.6895712 ,-0.13530979],
[-0.4057211 ,-0.2634809 ,-0.19291672,-0.09343886, 0.14655901, 0.9797033 ,
 -0.23391609,-0.13181718, 0.32045695,-0.12542295],
[-0.17268533,-0.02419848,-0.02534322,-0.00493043,-0.05464806, 0.3061215 ,
 -0.14715293,-0.02024866, 0.1828064 ,-0.03972045],
[-5.6528025e-03,-5.1225047e-03,-3.1062430e-03,-8.4382722e-05,
 -2.8756994e-03, 7.8243623e-03,-1.4416602e-02,-4.7096424e-03,
  3.0656412e-02,-2.5128976e-03],
[-4.5133356e-06,-2.7324841e-05,-6.7852779e-06,-1.8586707e-04,
 -7.7054836e-04,-1.0500541e-04,-7.4884060e-06, 2.6255334e-03,
 -1.4283492e-05,-1.5037163e-03],
[-2.3449094e-04,-4.0698527e-05,-1.0383446e-03,-9.7085852e-03,
 -2.0360518e-02,-8.6676574e-04,-9.0115200e-06, 9.1009110e-02,
 -3.6734703e-03,-5.5077188e-02],
[ 0.00615009,-0.02468355,-0.04115656, 0.05596088, 0.00685705,-0.01049189,
 -0.01081034, 0.1693068 ,-0.02560278,-0.1255294 ],
[ 0.02477334,-0.01246523, 0.0878111 , 0.22438252,-0.16480625,-0.22118235,
 -0.059479  , 0.4590779 ,-0.0333941 ,-0.30471396],
[-0.11595771,-0.10839333, 0.26215264, 0.61373895,-0.23956631,-0.5748929 ,
  0.08018478, 0.45294124, 0.05432803,-0.42453098],
[-0.0716113 ,-0.29825124, 0.49775648, 0.217253  ,-0.04292308,-0.36895406,
 -0.24326202, 0.2596794 , 0.07665827,-0.02634366],
[-0.12432421,-0.28321308,-0.12190778, 0.12869197,-0.10226931,-0.09030545,
 -0.2649138 , 0.29376444, 0.24709442, 0.3173813 ],
[-0.16477305,-0.1329983 ,-0.06501038, 0.18363169,-0.04788661, 0.00595799,
 -0.05857613, 0.20011081, 0.06971662, 0.00982734],
[-0.13255812,-0.25465378,-0.14247221, 0.13469894,-0.0348541 , 0.11060232,
 -0.21868931, 0.18354753, 0.2522569 , 0.1021226 ],
[ 0.09367236,-0.40197426, 0.10099802, 0.09796713,-0.06559057,-0.0834071 ,
 -0.20666425, 0.28509814, 0.23760407,-0.05770468],
[ 0.23321654,-0.2025124 , 0.28916535,-0.15266572,-0.29609844, 0.16421184,
 -0.32196507,-0.05842421, 0.12784903, 0.21722381],
[-0.04234359,-0.1480234 ,-0.11061812,-0.3612057 ,-0.05162171, 0.36797664,
 -0.11242768, 0.2168564 , 0.1400858 , 0.10132281],
[ 0.02392353,-0.18087581, 0.0165637 ,-0.2811349 ,-0.12523128, 0.19900298,
 -0.24354553, 0.56163293,-0.06655376, 0.09621853],
[ 0.3705574 , 0.06267402,-0.0012035 ,-0.19587857,-0.07785685,-0.09414706,
 -0.4730553 , 0.23597302, 0.06929678, 0.10364054],
[ 0.00865171, 0.15794145, 0.10087433, 0.30233097,-0.5996493 ,-0.24102905,
 -0.2769603 , 0.6539492 ,-0.24296425, 0.13685453],
[-0.23562586, 0.5994599 , 0.30051586, 0.5150214 ,-0.3840385 ,-0.49281386,
 -0.5291619 , 0.43031535,-0.55522335, 0.35154647],
[ 0.23573148, 0.21251412, 0.20716067, 0.33035636,-0.09569546,-0.3924731 ,
 -0.7092811 , 0.31613016,-0.06914638,-0.03529647],
[ 0.39081785,-0.01108462,-0.12413874, 0.19991043,-0.18639   ,-0.13111046,
 -0.81260747, 0.57014513, 0.08002302, 0.02443628],
[ 0.29039297,-0.14717078, 0.0302128 , 0.02775126, 0.09690051, 0.01557454,
 -0.7036356 , 0.26874298,-0.08115544, 0.2023862 ],
[ 0.381138  ,-0.29229918,-0.0183978 , 0.16905336,-0.12439865,-0.05280184,
 -0.6248801 , 0.3420171 , 0.04286281, 0.17770448],
[ 0.32655597,-0.46914315,-0.03580729, 0.36957273, 0.08850942,-0.03693825,
 -0.3614008 ,-0.02678266, 0.00401982, 0.14141035],
[-0.23492788,-0.35030985,-0.18959211, 0.14175253, 0.07688247, 0.40478164,
 -0.1304878 , 0.33284366, 0.19580889,-0.24675572],
[-0.14523986,-0.42984778,-0.01303432, 0.52840775, 0.02842849, 0.2553137 ,
 -0.565351  , 0.25778052, 0.08980537,-0.00626812],
[ 0.5563613 ,-0.54461485,-0.1168018 ,-0.27663   , 0.0709503 , 0.61084807,
 -0.3854853 ,-0.02664596, 0.36973023,-0.25771266],
[ 0.40691262,-0.37301984,-0.5634097 ,-0.47679192,-0.2974427 , 1.5586313 ,
 -0.39875132,-0.07290462, 0.44681138,-0.2300309 ],
[-0.37544987,-0.19712222,-0.14421882,-0.06344077,-0.2399336 , 1.2621762 ,
 -0.38909036,-0.03236388, 0.3647664 ,-0.1853145 ],
[-0.15585686,-0.02346519,-0.00360626,-0.01449303,-0.0929039 , 0.31348166,
 -0.19781947, 0.01723923, 0.22677433,-0.06934939],
[-0.00194473,-0.00292331,-0.0013802 ,-0.00042073,-0.01490218, 0.02668726,
 -0.00984827, 0.07607595,-0.06681269,-0.00453108],
[-5.6786471e-06,-3.1805765e-05,-1.2144353e-05,-3.3520572e-04,
 -8.9676707e-04,-1.2551554e-04,-8.7136759e-06, 3.6106431e-03,
 -1.8908791e-05,-2.1759018e-03],
[-3.9164300e-04,-2.7146896e-05,-3.9661248e-04,-4.7464678e-03,
 -2.0713061e-02,-1.2220044e-03,-3.6896716e-05, 8.6200893e-02,
 -1.9947852e-03,-5.6672238e-02],
[ 0.0368055 ,-0.01245469,-0.03532357, 0.01459595,-0.04392378,-0.011327  ,
 -0.03443823, 0.26554477,-0.01731906,-0.16215947],
[-0.00738302,-0.07409325, 0.13682525, 0.40003285,-0.14882597,-0.22312707,
 -0.07492992, 0.34359142,-0.12820591,-0.22388087],
[-0.0898709 ,-0.14143409,-0.03488892, 0.33369458,-0.21835336,-0.2394881 ,
 -0.03555235, 0.396359  , 0.262587  ,-0.23304966],
[ 0.0436832 ,-0.30326334, 0.4453754 ,-0.01562329,-0.20598333,-0.18408877,
 -0.19146235, 0.2783337 , 0.05256036, 0.08046851],
[-0.11144217,-0.49111518, 0.5476738 ,-0.02127752,-0.23729448,-0.14061528,
 -0.19598344, 0.24490124, 0.13802426, 0.26713037],
[-0.11978245,-0.35651195, 0.05421141,-0.00801865,-0.09451474, 0.15625101,
  0.02332675, 0.11593425, 0.26876774,-0.03966284],
[-0.07524076,-0.23970278, 0.04103514,-0.2676632 ,-0.04182731, 0.34688476,
  0.05641503,-0.15586518, 0.18295035, 0.15301546],
[ 0.12809584,-0.31797674,-0.16649193,-0.55048704, 0.18685964, 0.40524402,
 -0.20181629, 0.21802998, 0.27962914, 0.01890776],
[-0.06357257,-0.01550269, 0.08818292,-0.53228813,-0.03776749, 0.1721965 ,
 -0.11438423,-0.01935693, 0.33462137, 0.18787141],
[ 0.20749001, 0.16006915, 0.13383432,-0.5401686 ,-0.02730976, 0.1895238 ,
 -0.15878016,-0.21259768, 0.19203253, 0.05590571],
[-0.04297434,-0.1292639 , 0.15672779,-0.62580276, 0.27255136, 0.46328592,
 -0.3518202 ,-0.31627697, 0.3827439 , 0.19082996],
[ 0.21505268, 0.39586017,-0.16699097, 0.08953997,-0.306957  , 0.1050199 ,
 -0.143276  , 0.20060296,-0.01111006,-0.37774146],
[ 0.09776809, 0.613846  , 0.08342464, 0.18925305,-1.0455897 , 0.03456414,
 -0.3492879 , 0.40055102, 0.00196982,-0.02650547],
[-0.16672659, 0.9011456 ,-0.14915381, 0.13885741,-0.0701495 ,-0.10468872,
 -0.6022204 , 0.5519969 ,-0.3539917 ,-0.14506815],
[ 0.06836967, 0.33263275, 0.04380834, 0.3363226 ,-0.30331418,-0.23858058,
 -0.533793  , 0.7421995 ,-0.45455223, 0.00690957],
[ 0.45536196, 0.15493448, 0.18358645, 0.27686432,-0.0171765 ,-0.5086362 ,
 -0.543081  , 0.23857492,-0.21341869,-0.0270071 ],
[ 0.3511985 ,-0.23562327, 0.07153944, 0.15845269,-0.01390763,-0.51074356,
 -0.5371485 , 0.3791402 , 0.26360545, 0.07348511],
[ 0.01246571,-0.18511817,-0.04186889, 0.23872629, 0.14443035,-0.49813303,
 -0.5780478 , 0.5311624 , 0.31881133, 0.05757174],
[ 0.20020674,-0.4927081 ,-0.03077008, 0.37443814,-0.16590129,-0.29663283,
 -0.2755644 , 0.50034624, 0.17037667, 0.01620433],
[ 0.16650714,-0.30628642,-0.13421021, 0.03998809,-0.02510598,-0.06037137,
 -0.23951109, 0.46788514, 0.16345951,-0.072358  ],
[ 0.26382   ,-0.4241609 ,-0.18593185, 0.20334484,-0.00417865,-0.02521012,
 -0.42476463, 0.26041916, 0.36254627,-0.02588332],
[ 0.52488136,-0.43865445,-0.19122598,-0.04943406,-0.5364656 , 0.7749274 ,
 -0.09468895,-0.26655853, 0.425521  ,-0.14830375],
[ 0.4216916 ,-0.35168332,-0.4390259 ,-0.35030177,-0.41022527, 1.9305604 ,
 -0.29234093,-0.15508448, 0.01728093,-0.37086076],
[-0.37271547,-0.12531663,-0.07975665,-0.01864855,-0.265953  , 1.6162394 ,
 -0.5086579 ,-0.01018079,-0.1333836 ,-0.10162133],
[-0.17920798,-0.0352254 , 0.03829361,-0.00622054,-0.1198943 , 0.46813115,
 -0.19159535, 0.01605017, 0.07063434,-0.06096509],
[-0.00047907, 0.00072566,-0.00069837,-0.00010274,-0.00358499, 0.00618549,
 -0.02643089, 0.01962331, 0.01317326,-0.00841165],
[-4.8914640e-06,-4.2354591e-06,-1.6535612e-05,-2.4161070e-04,
 -1.0217412e-04,-5.6288554e-05,-1.0399007e-06, 1.2706531e-03,
 -3.5964127e-05,-8.0791343e-04],
[ 0.01131143, 0.0008233 ,-0.00083059,-0.00331186,-0.03849519,-0.01480456,
 -0.00035095, 0.1307842 ,-0.00330522,-0.08182053],
[-5.62485657e-04, 3.05451627e-04,-1.32756056e-02, 1.23392437e-02,
 -1.75938189e-01,-2.82454807e-02,-8.33643076e-04, 4.84769911e-01,
 -1.09131485e-02,-2.67645776e-01],
[ 0.01649005,-0.04912298,-0.04085029, 0.36545888,-0.10621537,-0.27985445,
 -0.08642817, 0.44927934,-0.02590609,-0.2428488 ],
[-0.19763243,-0.08344335,-0.14629865, 0.35220325,-0.28989473,-0.13104168,
 -0.0290842 , 0.47421995, 0.06860384,-0.01762914],
[-0.12938158,-0.15475146, 0.02384298,-0.14488648,-0.12258463,-0.07252005,
  0.00267618, 0.11771749, 0.22711514, 0.25277364],
[ 0.03235425,-0.44597   , 0.08250414,-0.26766607, 0.11740878, 0.19183849,
 -0.10603735, 0.03133141, 0.1621006 , 0.20213968],
[ 0.05341157,-0.4301585 ,-0.19408691,-0.6143034 , 0.02572416, 0.21201146,
  0.19555897, 0.10754663, 0.53409636, 0.11019889],
[ 0.01796218,-0.32460573,-0.41227135,-0.47287583, 0.18105894, 0.17004828,
  0.06890708,-0.22636871, 0.33044618, 0.66769814],
[-0.28150666,-0.33771837,-0.47363678,-0.5820128 , 0.42890716, 0.15057755,
  0.24900919, 0.25528297, 0.46145093, 0.12964694],
[-0.03573348,-0.16036342,-0.9132354 ,-0.42741314, 0.56893724, 0.07483035,
  0.02612985, 0.4104225 , 0.25983965, 0.19658697],
[-0.08152626,-0.08867821,-0.6960165 ,-0.29735   , 0.10893612, 0.09173889,
 -0.04600086, 0.33657312, 0.26449707, 0.4078282 ],
[-0.3032327 ,-0.13956565,-0.8896227 ,-0.05749307, 0.736916  , 0.19763985,
  0.13197243,-0.14170775, 0.2338982 , 0.23119618],
[-0.01399894, 0.46136305,-0.96167976, 0.2870155 ,-0.88951176, 0.62272245,
  0.17149565, 0.1046939 , 0.23469973,-0.01680105],
[-0.46072662, 0.7773671 ,-0.63344187, 0.12293471,-0.9234843 , 0.11757336,
 -0.29657733, 0.54312134, 0.7435163 , 0.00971455],
[-0.7672534 , 0.8516766 ,-0.54340655, 0.3144975 , 0.47441578,-0.25086576,
 -0.69667274, 0.34401342, 0.04914571, 0.22444908],
[-0.7323156 , 0.27654603,-0.1762572 ,-0.0304364 , 0.52457803,-0.27985165,
 -0.14621386, 0.38012156,-0.14446405, 0.3282944 ],
[-0.02102708,-0.13204844,-0.4472449 , 0.4149644 , 0.14040554,-0.22436678,
 -0.3565826 , 0.31268847,-0.21046484, 0.52367675],
[-0.2918916 ,-0.00804262,-0.10488113, 0.13052493, 0.00482368,-0.08818834,
 -0.30391115, 0.56365025,-0.24299106, 0.34090927],
[ 0.0041662 ,-0.19515242, 0.29832852, 0.11013243, 0.01611315,-0.400255  ,
 -0.2208799 , 0.28253806,-0.01728845, 0.12229789],
[ 0.18140869,-0.19612178,-0.11103757, 0.38578302,-0.27912182,-0.78180075,
 -0.11334541, 0.3870554 ,-0.04728298, 0.5744598 ],
[ 0.44272223,-0.21546957, 0.02714379,-0.06920435,-0.27847216,-0.569678  ,
 -0.04195292, 0.33649406,-0.00764244, 0.3760549 ],
[ 0.27777448,-0.2491342 ,-0.09612593, 0.04278991,-0.22470634,-0.63749707,
 -0.10912087, 0.31132248, 0.3069703 , 0.37772486],
[ 0.26905772,-0.22838888,-0.18550354,-0.19873187,-0.5232413 , 0.22885707,
  0.38700494,-0.22961597, 0.5612287 ,-0.08066725],
[ 0.44253865,-0.21495938,-0.18350558,-0.26651472,-0.5370221 , 0.8621187 ,
 -0.05180337,-0.19430622, 0.3994023 ,-0.25594112],
[-0.25514793,-0.12651935, 0.05025143, 0.01780072,-0.23906738, 1.1715229 ,
 -0.49269807,-0.08155038, 0.09188966,-0.13647896],
[-0.12401728,-0.04033184, 0.04020443,-0.00294753,-0.04914021, 0.32019612,
 -0.29377377,-0.01456838, 0.20145145,-0.03707257],
[-3.4772069e-04, 8.7115187e-03,-4.5303279e-03,-7.7285738e-05,
 -1.5622908e-03, 2.8445378e-03,-1.3008876e-02, 5.0628199e-03,
  4.3073739e-03,-1.3997444e-03],
[-8.0428634e-07,-2.2237627e-08,-1.3672836e-05,-1.6048655e-04,
 -1.8614465e-06,-8.2611550e-06,-7.2556605e-09, 1.5693108e-03,
 -2.7975484e-05,-1.3562177e-03],
[ 2.58316955e-04,-1.85059980e-04,-5.68559008e-05,-1.65408396e-03,
 -4.20018621e-02,-2.07627323e-02,-3.74150492e-04, 1.08122155e-01,
 -1.48693589e-03,-4.18587551e-02],
[ 0.00086056,-0.00365712,-0.00101657,-0.00617299,-0.19079055,-0.02688144,
 -0.00146352, 0.46889836,-0.00846217,-0.23131433],
[-0.01204915,-0.00431781,-0.17726366, 0.07467891,-0.26490536,-0.10469626,
 -0.07427225, 0.65907544, 0.08246956,-0.17871784],
[-0.1209178 , 0.01169867,-0.27766043, 0.02757292,-0.5050612 , 0.0242828 ,
 -0.07497974, 0.60908496, 0.00322468, 0.3027594 ],
[ 0.02098215,-0.07421982,-0.570581  ,-0.23251215,-0.11712361,-0.00342481,
 -0.05238491, 0.31904504, 0.3264484 , 0.3837704 ],
[ 0.3119592 ,-0.14780328,-0.9854451 ,-0.33101535, 0.17927931, 0.33753574,
  0.18287723, 0.01710874, 0.03690072, 0.39860392],
[ 0.0193266 ,-0.21904399,-1.257128  ,-0.27467504, 0.34619665, 0.14937522,
  0.24287294, 0.47143364, 0.29361677, 0.22802228],
[-0.13814746,-0.20199229,-0.6606044 ,-0.38592923, 0.5013364 ,-0.00915952,
  0.22354938, 0.5732334 ,-0.08286237, 0.1805727 ],
[-0.09498218,-0.08781826,-0.62902915,-0.1194074 , 0.21520294,-0.14753516,
  0.2837717 ,-0.02728511, 0.19070242, 0.41637623],
[ 0.02145824,-0.3711951 ,-0.6946288 , 0.24000129, 0.58735436, 0.3526655 ,
 -0.0078868 ,-0.18391462,-0.2340352 , 0.290182  ],
[ 0.08197282,-0.5280049 ,-0.72024953,-0.18770425, 0.6055217 , 0.13045938,
  0.45463145, 0.08280135,-0.18982102, 0.2703959 ],
[ 0.1996772 , 0.08615222,-0.57193863,-0.03973895, 1.1260026 , 0.18698713,
  0.17712012,-0.8111053 , 0.0418818 ,-0.39503545],
[ 0.13157618, 0.2630987 ,-0.4258079 ,-0.02784262, 0.0037658 , 0.33444798,
  0.23166688,-1.052442  , 0.4812922 , 0.06024539],
[-0.6413919 , 1.0713356 ,-0.59389526, 0.5738884 ,-0.6105409 ,-0.1295643 ,
 -0.2645995 , 0.01052447, 0.26218662, 0.32205302],
[-0.95330304, 0.5104357 ,-0.53026056, 0.11762679, 0.219962  , 0.11927666,
 -0.3649586 , 0.41568968, 0.09939544, 0.36613637],
[-0.67818815, 0.18023276,-0.2660516 , 0.14840205, 0.35901806,-0.4315325 ,
 -0.06607316, 0.5021199 , 0.03734941, 0.21472675],
[-0.01179474, 0.09704893,-0.34878623, 0.01104416, 0.08229768,-0.5640262 ,
 -0.1133035 , 0.4684272 , 0.11327891, 0.26581773],
[-0.05012413,-0.03831881,-0.39993134, 0.14589942, 0.03793702,-0.39485675,
 -0.1880563 , 0.5156665 ,-0.01798712, 0.38977367],
[ 0.11836369,-0.23549679, 0.29842547,-0.04601663, 0.23127262,-0.48780847,
 -0.4278906 ,-0.11418301, 0.29081398, 0.37252077],
[ 0.1197371 ,-0.14201036,-0.0576857 , 0.0279172 , 0.1716233 ,-0.5154937 ,
 -0.199498  ,-0.00834774, 0.20993593, 0.39381933],
[ 0.17700274,-0.0566177 , 0.03090701,-0.6962203 , 0.36342105,-0.9772328 ,
  0.10526981, 0.11508887, 0.42962682, 0.5087502 ],
[ 0.36173832,-0.08586765,-0.12694082,-0.51561356, 0.18091264,-1.3994759 ,
  0.44142666, 0.12982716, 0.49028412, 0.5237077 ],
[ 0.40808108,-0.06271978,-0.4354705 ,-0.32819146,-0.21160115,-1.3103608 ,
  0.86643463,-0.2374611 , 0.8856521 , 0.4256354 ],
[ 0.7090881 ,-0.07427903, 0.16943255,-0.15119164,-0.143213  ,-1.1885496 ,
  0.38626152,-0.19773437, 0.82563585,-0.33544528],
[-0.01665907,-0.05581122, 0.3678652 , 0.02726782,-0.05711577, 0.03447018,
 -0.29239717, 0.03271906, 0.15301657,-0.19335383],
[-0.06527639,-0.04048141, 0.2334472 ,-0.00073417,-0.02965984, 0.21910712,
 -0.32638645, 0.05386426, 0.01885984,-0.06273997],
[-0.00048182, 0.00733392, 0.02442748,-0.00011906,-0.01302942,-0.00542534,
 -0.01614011, 0.02457211,-0.01868759,-0.00245016],
[-2.2684792e-09, 8.0985279e-05,-1.2963771e-05,-2.5867021e-05,
 -1.4203086e-07,-1.5150727e-06,-1.4449498e-06,-1.4802952e-05,
 -8.6355112e-06,-1.5611738e-05],
[ 1.1298558e-03,-2.8830262e-05,-5.3098956e-05,-4.3373680e-04,
 -3.1493440e-02,-2.8691334e-03,-5.9229927e-04, 5.4532066e-02,
 -1.6658762e-04,-2.0024789e-02],
[ 0.00216999,-0.00112552,-0.00081095,-0.00348458,-0.12419199,-0.00624483,
 -0.00189226, 0.27829608,-0.00175612,-0.14095992],
[-0.01112827, 0.0149784 ,-0.21896875, 0.0417819 ,-0.22954203, 0.00714631,
 -0.06744207, 0.53359747, 0.04991383,-0.12033688],
[ 0.0483849 , 0.04580349,-0.6615911 ,-0.26631916,-0.231602  , 0.1462859 ,
 -0.10032436, 0.3788896 ,-0.10446416, 0.7449425 ],
[ 0.04179272,-0.05725579,-0.92634094,-0.2608498 , 0.24108249, 0.2512606 ,
  0.05716397, 0.07541963, 0.06198281, 0.51574355],
[ 0.3511564 ,-0.11192325,-1.1873096 ,-0.28966665, 0.46500114,-0.13451095,
  0.51984984, 0.24559025,-0.01143909, 0.15325321],
[ 0.33429193,-0.18211141,-0.8953819 ,-0.3500052 , 0.34446722, 0.20707057,
  0.02075297, 0.20667017,-0.01555664, 0.32979617],
[ 0.07711879, 0.04630457,-0.36534718,-0.21541852, 0.38196748,-0.00994469,
 -0.00855426, 0.02489587,-0.11133736, 0.18031405],
[ 0.13607539,-0.04204183,-0.22595808,-0.17213483, 0.4065373 , 0.09863044,
  0.10030885,-0.21625748, 0.04143196,-0.1265945 ],
[ 0.24855843,-0.71391255,-0.16250147,-0.2175743 , 0.5267613 , 0.19738792,
  0.30330488, 0.01048264,-0.25166515, 0.05915994],
[ 0.07753143,-0.7460962 , 0.15341944,-0.20440231, 0.61619794, 0.30333194,
 -0.06334486,-0.23588921, 0.06747286, 0.03177661],
[ 0.10423145, 0.09722533,-0.11554705, 0.09914847, 0.5221594 , 0.58273655,
  0.10657031,-1.2527843 , 0.17515565,-0.31889182],
[-0.4869172 , 0.30227658, 0.26224923, 0.35423726,-0.34184155, 0.28050148,
  0.15939474,-1.1564733 , 0.48457244, 0.1420019 ],
[-0.8175194 , 0.65130764, 0.04578266, 0.232485  , 0.01029617,-0.09022749,
 -0.20749074,-0.0261007 ,-0.09624051, 0.29770997],
[-0.97699535, 0.43984544,-0.27923536,-0.26283848, 0.44317535,-0.25641903,
  0.1136251 , 0.01276012, 0.42464763, 0.34143853],
[-0.5989226 , 0.1964665 ,-0.30191895, 0.14457144, 0.18186538,-0.49621361,
  0.06705989, 0.24118987, 0.14632094, 0.41958123],
[-0.2245573 , 0.4051868 ,-0.08596785, 0.10943483, 0.21381465,-0.21004368,
 -0.31626064, 0.07328886,-0.19468701, 0.22979508],
[-0.03147259,-0.23068121,-0.2584208 , 0.26696315, 0.22977397,-0.19325832,
 -0.20184161, 0.13182823, 0.05126699, 0.23584278],
[-0.08514745,-0.31031838,-0.24699691, 0.02102279, 0.08605415, 0.01210186,
  0.10575724,-0.18024796, 0.03726158, 0.5605127 ],
[-0.40760288,-0.19154282,-0.23540115,-0.5303395 , 0.39402837,-0.04060682,
 -0.12608385, 0.3019142 , 0.38960645, 0.44602197],
[-0.08429255,-0.12091018, 0.06441204,-0.606465  , 0.38521552,-0.30698687,
  0.276559  , 0.11399222,-0.1769841 , 0.45545492],
[ 0.21296097,-0.14849542,-0.06512019,-0.7617168 , 0.39292446,-0.37407887,
  0.46737352,-0.09187654, 0.09018867, 0.27783492],
[ 0.44295382,-0.142628  ,-0.09759847,-0.3349988 ,-0.04665948,-0.8980957 ,
  0.95173556,-0.07137469, 0.42439574,-0.22773273],
[ 0.5242786 ,-0.13796721, 0.6311719 ,-0.12364431,-0.24891594,-0.9528418 ,
  0.47257826, 0.04144101, 0.32063785,-0.52672976],
[ 0.14401434,-0.09002372, 0.7545129 , 0.00747361, 0.06415174,-0.27863973,
 -0.3874078 , 0.03688897, 0.0512398 ,-0.30220762],
[-0.0233395 ,-0.04951934, 0.5669382 ,-0.00152873, 0.00110559,-0.01798253,
 -0.33681428,-0.0058012 ,-0.02927905,-0.10377921],
[-0.00368751,-0.0008972 , 0.17827275,-0.00487489,-0.04426993,-0.04978114,
 -0.05516873,-0.01549255,-0.00157308,-0.0025277 ],
[-1.6782888e-05,-6.3323938e-07,-1.4429806e-05,-1.3680144e-03,
 -1.1298478e-04, 7.1724998e-03,-1.0282675e-04,-5.0184124e-05,
 -1.5993332e-04,-5.3467099e-03],
[-2.1434713e-05,-6.9484627e-06,-1.5644860e-02, 1.6666526e-02,
 -1.7663758e-02,-1.1123415e-03,-2.2231206e-06, 2.7922757e-02,
 -4.2701757e-04,-9.7106919e-03],
[-7.2278013e-04, 1.7502223e-03,-1.0698579e-02, 9.7917840e-03,
 -4.8130848e-02,-1.8139220e-03,-1.5706459e-05, 1.4596027e-01,
 -6.4016011e-04,-9.5480345e-02],
[-0.12404753, 0.02792317,-0.1786814 , 0.01608438,-0.02679943, 0.04916067,
 -0.03242797, 0.2657812 ,-0.01632692, 0.01933461],
[-0.03119836, 0.04536231,-0.46901304,-0.16152899, 0.4370314 , 0.09895294,
 -0.30528927, 0.21608804,-0.21544115, 0.38504022],
[ 0.3151871 ,-0.07517215,-0.7531495 ,-0.38787308, 0.59287465,-0.01984011,
  0.03910343, 0.15340948, 0.0096611 , 0.12579829],
[ 0.17501342,-0.12989175,-0.21686171,-0.48505697, 0.2913992 ,-0.08691043,
  0.30995157,-0.12071828,-0.07663638, 0.33971015],
[ 0.5213167 ,-0.18773746, 0.1422377 ,-0.37104905, 0.3924635 ,-0.00451733,
 -0.02919832,-0.08597646,-0.5855186 , 0.20797454],
[ 0.21310554, 0.03561295,-0.09394731,-0.18263152, 0.3425566 , 0.07449471,
  0.13325913,-0.1557961 ,-0.37145057, 0.00479386],
[ 0.3860557 ,-0.23039012,-0.13864087,-0.13173276, 0.26876417, 0.13769299,
  0.3900422 ,-0.3872231 ,-0.31742817, 0.02285867],
[-0.01793108,-0.73285866, 0.10186498,-0.15043242, 0.266683  , 0.34466016,
  0.33322525,-0.18434598, 0.04786817,-0.00873561],
[ 0.19790474,-0.6951987 , 0.07910761,-0.33646566, 0.3946319 , 0.06930247,
  0.50823754,-0.6059071 , 0.3692332 , 0.01915764],
[ 0.28275552, 0.18504463,-0.11718927, 0.16291814, 0.36498845, 0.03930685,
  0.17052443,-1.1772945 , 0.20768431,-0.11873225],
[-0.25561914, 0.3096666 , 0.30296427,-0.03016267,-0.271365  , 0.00562966,
 -0.05158273,-0.6519858 , 0.4483565 , 0.19410108],
[-0.8793515 , 0.64214814, 0.06401226, 0.16768372, 0.08815245,-0.10865621,
 -0.11763091,-0.16520526, 0.26446012, 0.04438984],
[-0.76854885, 0.4608224 ,-0.22678985, 0.06707454, 0.2332955 ,-0.18486877,
  0.15071964,-0.08302552, 0.13790199, 0.21342196],
[-0.8622115 , 0.24183452,-0.02916331,-0.07836746, 0.4439605 ,-0.3004098 ,
  0.25271338, 0.0475699 ,-0.05892538, 0.34300378],
[-0.18089046,-0.17551957,-0.3479384 , 0.11200137, 0.57560116,-0.39766145,
 -0.36958766, 0.3871586 , 0.09301087, 0.30382845],
[-0.05496354,-0.6799368 , 0.23504226, 0.05906982, 0.18650551,-0.25551844,
 -0.15712905, 0.46741754,-0.08475001, 0.2842602 ],
[-0.17259893,-0.5223998 ,-0.01751107,-0.24557018, 0.5307538 ,-0.3819406 ,
 -0.07116745, 0.7899708 , 0.03420179, 0.05625943],
[ 0.09510858,-0.29926834, 0.07651401,-0.34592092, 0.23731643,-0.03669423,
 -0.20645466, 0.42812228,-0.2744739 , 0.3257462 ],
[ 0.251943  ,-0.20259857,-0.17811285, 0.02806191, 0.0689021 ,-0.15961705,
  0.08667221,-0.02123513,-0.11735605, 0.24333622],
[ 0.12230937,-0.14454786,-0.1081856 ,-0.32530004, 0.22196843, 0.0609207 ,
  0.34665868, 0.3340215 ,-0.4525419 ,-0.05530573],
[ 0.43148887,-0.10800006, 0.19084026,-0.20872106,-0.07263076,-0.06009172,
  0.4608063 , 0.3972515 ,-0.44254863,-0.58839273],
[ 0.596564  ,-0.06005425, 0.4035735 ,-0.03962365,-0.24711795,-0.20367691,
  0.35026175,-0.01929697,-0.20624499,-0.57437897],
[ 0.11169533,-0.04867252, 0.67252153,-0.03005264,-0.08827939,-0.34049636,
 -0.10221768,-0.10085922, 0.10281378,-0.1764499 ],
[-0.01069757,-0.00803608, 0.46451858,-0.01768782,-0.1087667 ,-0.04887937,
 -0.22700854,-0.01156729,-0.01222471,-0.01965036],
[-3.2714481e-04,-2.6286092e-05, 1.7116033e-02,-3.5540080e-03,
 -4.8335441e-03,-2.6100546e-03,-5.1439842e-03,-1.8826863e-04,
 -3.9934172e-04,-3.3398395e-05],
[-6.05054083e-06,-2.16440270e-07,-4.72680495e-06,-4.49103274e-04,
 -4.00195640e-05, 2.25916039e-03,-3.36883822e-05, 1.04941806e-04,
 -6.05761088e-05,-1.76972104e-03],
[-1.0616567e-05,-5.4828757e-07,-3.4212288e-02, 3.6478400e-02,
 -3.8022924e-06,-1.3610275e-03,-2.5237571e-07,-1.8594243e-06,
 -8.7857386e-04,-9.4322841e-06],
[-0.00156884, 0.01087088,-0.01538893, 0.04300387, 0.02526199,-0.0068395 ,
 -0.00022593, 0.0313727 ,-0.00144667,-0.08503955],
[-0.13980131, 0.00719685, 0.04100135, 0.02198704, 0.10853877,-0.02337759,
 -0.09248967, 0.10435424,-0.01403251,-0.0133765 ],
[ 0.12944433,-0.00230906, 0.08190222, 0.06166943, 0.29625356,-0.02254009,
 -0.47951332, 0.04176573,-0.17500065, 0.06832939],
[ 0.4396725 ,-0.12797692, 0.30757755,-0.07198144, 0.2653431 ,-0.3442423 ,
 -0.10522398,-0.15370023,-0.31651452, 0.10704435],
[-0.13403933,-0.22153714, 0.3988099 , 0.02660397, 0.25320894,-0.17195977,
  0.22986089,-0.15677519,-0.32903847, 0.10486435],
[ 0.42980054,-0.15626626,-0.11471323,-0.23392738, 0.41291502,-0.19329958,
  0.32739568,-0.25956386,-0.26892465, 0.05657938],
[ 0.31361803,-0.0374721 ,-0.14357069,-0.30096152, 0.3228728 , 0.07839773,
  0.25091606,-0.4712423 ,-0.11804149, 0.1054808 ],
[ 0.3282534 ,-0.32195297, 0.00524223,-0.3327273 , 0.39031997, 0.2402111 ,
  0.20170254,-0.42538667,-0.03646182,-0.04920191],
[ 0.42616123,-0.5940671 , 0.05667192,-0.23311305, 0.3625063 , 0.06789765,
  0.23268831,-0.23148729,-0.1895976 , 0.10234048],
[ 0.05234483,-0.15382473,-0.08214982,-0.10207808, 0.44088534, 0.0336048 ,
  0.41713536,-0.58550984,-0.12528695, 0.10488152],
[-0.06403713, 0.29114065,-0.11011394, 0.08308762, 0.17979124, 0.14292385,
  0.269929  ,-0.791491  , 0.15104592,-0.15227577],
[-0.6638524 , 0.49784514, 0.2830759 , 0.01918372,-0.27468526,-0.01149708,
  0.1940747 ,-0.29216298, 0.38858798,-0.14056511],
[-1.0222993 , 0.77817833, 0.18388405, 0.24489576, 0.10393982,-0.3498569 ,
  0.28105918,-0.4587197 , 0.5078925 ,-0.26897135],
[-0.6983544 , 0.03924892, 0.08962311, 0.17592755, 0.2811854 ,-0.32209742,
 -0.01110686, 0.2024213 , 0.04384886, 0.19930755],
[-0.52647144, 0.43312144, 0.01706399,-0.05433875, 0.60372895,-0.15381965,
 -0.09211337,-0.26193267,-0.13169071, 0.16645788],
[-0.27731362,-0.6100973 ,-0.13468388,-0.05216067, 0.52562445,-0.2788338 ,
 -0.03441592, 0.69845027,-0.2490097 , 0.41244546],
[-0.04538325,-0.6700798 ,-0.17480795,-0.24957314, 0.13177545, 0.32229587,
 -0.10167417, 0.6291328 ,-0.01490634, 0.17322159],
[-0.0263783 ,-0.6033616 , 0.07006191, 0.06632432, 0.2789413 ,-0.03056603,
 -0.03018925, 0.23192562,-0.15199618, 0.19523713],
[ 0.36417213,-0.42383358,-0.35559115, 0.43769664,-0.15684466,-0.2494682 ,
  0.12245491, 0.40527314,-0.29760733, 0.15374503],
[ 0.06833437,-0.21665749,-0.24656641, 0.33465284,-0.0879638 ,-0.00435198,
  0.19355534, 0.32087815,-0.27462795,-0.08725849],
[ 0.15249088,-0.18314853,-0.4265886 , 0.26545197, 0.27257633,-0.18696266,
 -0.06421147, 0.5470071 ,-0.15740013,-0.21921894],
[ 0.42970595,-0.12504461,-0.07301963, 0.2847902 ,-0.14479733, 0.13373712,
  0.11746296, 0.24041341,-0.3981625 ,-0.465086  ],
[ 0.48308238,-0.07344656, 0.6947246 , 0.16410825,-0.613701  , 0.15536328,
  0.2314834 ,-0.13778904,-0.4061368 ,-0.49768335],
[ 0.0306625 ,-0.04120313, 0.7682444 ,-0.07685472,-0.27125004,-0.1892264 ,
  0.16224472,-0.24359497, 0.03037367,-0.16939346],
[-0.01971867,-0.0121351 , 0.44690394,-0.01876063, 0.03947967,-0.07402073,
 -0.2202434 ,-0.03832298,-0.03574045,-0.06744166],
[-0.00319648,-0.00158091, 0.08137271,-0.00104894,-0.00747823,-0.03772276,
 -0.02109433,-0.00088141,-0.00328105,-0.00508859],
[-3.1729105e-06,-5.1979612e-08,-1.1438561e-08,-6.6823941e-06,
 -1.7283126e-05,-5.1061145e-04,-1.1112995e-07, 6.9356430e-04,
 -4.6906051e-05,-1.0873411e-04],
[-2.0892059e-05, 6.1891114e-05,-1.6731029e-02, 2.1464389e-02,
 -1.9052233e-06,-7.9148909e-04,-5.3043846e-07,-2.1778324e-03,
 -5.0898758e-04,-1.2936099e-03],
[-0.00493856, 0.00876203, 0.01100206, 0.09113836,-0.01161167,-0.02381713,
 -0.00113798,-0.00793452,-0.00367335,-0.0577892 ],
[-0.08189379,-0.00236352, 0.36233997, 0.1936378 ,-0.1159818 ,-0.01577542,
 -0.14643058,-0.1171428 ,-0.00967502,-0.06671352],
[ 0.22445637,-0.01314317, 0.46360037, 0.42550948,-0.31727442,-0.07098369,
 -0.47601148,-0.08033106,-0.21587405, 0.06005424],
[ 0.51487154,-0.15716   , 0.21844263, 0.21691214,-0.10709999,-0.17343014,
  0.07301232,-0.22395888,-0.3723789 , 0.01078779],
[ 0.2611593 ,-0.36414334, 0.45792958,-0.0986517 , 0.03434366,-0.13982318,
  0.34441158,-0.08967988,-0.23004875,-0.17550077],
[ 0.17921361,-0.31280035, 0.05680631,-0.31003234, 0.37750807,-0.5853126 ,
  0.46438473, 0.16800223, 0.05105265,-0.0888286 ],
[ 0.4061363 ,-0.2249342 ,-0.272587  ,-0.4942187 , 0.36306366,-0.22295202,
  0.27767164,-0.1887142 , 0.06236849, 0.29416087],
[ 0.28397584,-0.03552218, 0.24868569,-0.02621076, 0.11259485,-0.48716378,
  0.35870874,-0.21107149, 0.00369219,-0.2476897 ],
[ 0.24633306,-0.14116782, 0.11685964,-0.02289521,-0.08617798,-0.09517645,
  0.37854505,-0.5926114 , 0.14081891, 0.05547292],
[ 0.15246853,-0.12768018, 0.14986114, 0.03524461,-0.0369319 ,-0.16964054,
  0.7996144 ,-0.950095  ,-0.01397065, 0.16112936],
[-0.2929033 ,-0.22360907, 0.20803551, 0.03977956, 0.06933091,-0.01432957,
 -0.07050327,-0.17768335, 0.58695406,-0.12506904],
[-0.95077026, 0.45395768, 0.42137137, 0.47973734,-0.01365971,-0.04358061,
  0.03414079,-0.1897025 , 0.04939137,-0.24088432],
[-0.75237924, 0.7651068 , 0.1917948 , 0.04051648, 0.3927187 ,-0.37327534,
  0.25932938,-0.60186625, 0.03810287, 0.03995354],
[-0.41327712,-0.13179089,-0.17028998,-0.17102292, 0.6213502 ,-0.09118528,
  0.10890175, 0.18965936, 0.0807299 ,-0.02307174],
[-0.34252778, 0.11693009, 0.26567984,-0.51235574, 0.37958947,-0.24684101,
 -0.00996438,-0.02305482, 0.16974449, 0.20280422],
[-0.01186863,-0.9833768 , 0.55471927,-0.15483333, 0.27153668,-0.10417089,
 -0.27446693, 0.40838224, 0.0797631 , 0.21431872],
[ 0.03212094,-0.6894881 , 0.09863929, 0.38689512, 0.15569998,-0.22026908,
  0.15243329, 0.096389  ,-0.25305113, 0.24063145],
[ 0.08298989,-0.5343642 ,-0.00787467, 0.4329445 , 0.08074358, 0.03353641,
  0.30444214, 0.3166195 ,-0.52388287,-0.18515679],
[ 0.3442851 ,-0.3082657 ,-0.18467887, 0.15818505, 0.29620788, 0.15944093,
 -0.0248163 , 0.22579716,-0.56155974,-0.10460092],
[ 0.15383013,-0.18439946, 0.44075456, 0.08151886, 0.2005061 ,-0.07957064,
  0.07967924, 0.2748973 ,-0.55505073,-0.41217035],
[ 0.15177108,-0.19479002, 0.28918657, 0.29133406,-0.12297853, 0.22462581,
 -0.11624937,-0.05660968,-0.38629946,-0.07999385],
[ 0.18052882,-0.17708889, 0.30557895, 0.5238399 ,-0.27022272, 0.20299846,
 -0.06467012,-0.20191918,-0.01914087,-0.47990304],
[ 0.05696901,-0.04854149, 0.6051827 , 0.44053525,-0.40390363, 0.0149976 ,
  0.20228045,-0.17797047,-0.22321771,-0.46632913],
[-0.10535283,-0.08170044, 1.2040874 ,-0.13230473,-0.19744141,-0.19969854,
  0.06159804,-0.23536932,-0.14582656,-0.16798967],
[-0.05953281,-0.02798619, 0.70417297,-0.02154741,-0.11366137,-0.13344006,
 -0.18313223,-0.04315002,-0.07898758,-0.0427353 ],
[-0.00426149,-0.00132389, 0.1296422 ,-0.00168632,-0.00378409,-0.06588566,
 -0.04706791,-0.0023157 ,-0.00260895,-0.00070819],
[0.,0.,0.,0.,0.,0.,0.,0.,0.,0.],
[-2.3391442e-05, 2.8090313e-04,-6.0967356e-03, 7.1004312e-03,
 -9.9965075e-07,-4.4028478e-04,-5.3309664e-06,-1.7305189e-05,
 -4.0859720e-04,-3.8869446e-04],
[-1.8244172e-02,-4.9861734e-05, 8.4070906e-02, 6.3187905e-02,
 -4.4728690e-03,-3.8628768e-02,-2.1716827e-03,-5.7779730e-04,
 -3.1112412e-03,-8.0002308e-02],
[-0.05227532,-0.00562544, 0.33031616, 0.41943666,-0.30743504, 0.04275923,
 -0.13659705,-0.11742207,-0.03697001,-0.1361853 ],
[ 0.16022997,-0.03696999, 0.51408476, 0.5051272 ,-0.21207443, 0.07588267,
 -0.5043993 ,-0.0307547 ,-0.19227873,-0.27884492],
[ 0.45045584,-0.31862628, 0.34669966, 0.05905474,-0.2373662 , 0.29493594,
 -0.03457268, 0.0148843 ,-0.29464287,-0.28082466],
[ 0.35891807,-0.5447768 , 0.31343907,-0.02481546,-0.14099541, 0.4853511 ,
  0.0843419 ,-0.23116706,-0.0846037 ,-0.21569502],
[ 0.27045125,-0.4882894 , 0.18102516,-0.00823326, 0.17447369,-0.3148914 ,
  0.17501694,-0.37286308, 0.236267  , 0.14703877],
[ 0.09066706,-0.25552496, 0.06683511,-0.2751196 , 0.21941142,-0.2823788 ,
  0.3591428 ,-0.20759585, 0.12473631, 0.1598231 ],
[ 0.31523854,-0.16683458, 0.20359117,-0.6655093 , 0.0209096 ,-0.22317517,
  0.47308108,-0.18538189, 0.3158319 ,-0.08775084],
[ 0.52176267, 0.11187051, 0.44703016,-0.6823502 , 0.02319466,-0.4517077 ,
  0.6802    ,-0.6756804 ,-0.08703411, 0.11271609],
[ 0.17769285,-0.14036676, 0.29088157,-0.45248237,-0.06606583,-0.33654302,
  0.6094591 ,-0.2632693 , 0.26790398,-0.08720698],
[-0.02888907, 0.16660826, 0.40942007,-0.28054273,-0.0401047 ,-0.5697332 ,
 -0.02839113, 0.00217795, 0.32250392, 0.04695141],
[-0.7172505 , 0.49109745, 0.2946424 ,-0.22425888, 0.22488768,-0.53460693,
  0.14205606, 0.07151068, 0.2310035 , 0.02091797],
[-0.6825512 , 0.63321376,-0.0130645 ,-0.43610162, 0.6310763 ,-0.2807049 ,
  0.12367637, 0.09894243, 0.06769159,-0.14217357],
[-0.38304174, 0.05822941, 0.27002966,-0.49880534, 0.3530181 ,-0.05784057,
  0.02095845, 0.05333523,-0.1273752 , 0.31149593],
[-0.07533333,-0.34152713, 0.07536857, 0.09206378, 0.2792129 , 0.00908301,
 -0.11498896,-0.14173335, 0.23527472,-0.01741777],
[ 0.1846565 ,-0.7926792 ,-0.2837478 , 0.3998904 , 0.24148141, 0.299174  ,
  0.0571036 , 0.02837209,-0.21149686, 0.07724918],
[-3.7816126e-02,-4.0390885e-01,-8.1238337e-05, 2.9535038e-02,
  3.6412832e-01, 3.1348380e-01, 1.6759543e-01, 1.2647156e-01,
 -5.0701308e-01,-5.2397944e-02],
[ 0.1969048 ,-0.2803071 , 0.00555824, 0.35271403,-0.23479718, 0.10789818,
  0.20022938,-0.12870422, 0.02224963,-0.24175176],
[ 0.2635271 ,-0.19590518,-0.08609235,-0.01327255, 0.04044789, 0.05749549,
  0.02219409, 0.09711327,-0.03961665,-0.14589688],
[-0.10390764,-0.1108356 , 0.05351952, 0.05516061, 0.17761481,-0.01362306,
  0.15455882, 0.0386639 ,-0.04413287,-0.20702341],
[ 0.19266689,-0.01909704, 0.1469925 , 0.24046372,-0.19287783,-0.09387462,
  0.08856501, 0.07783607,-0.15498193,-0.28569457],
[ 0.05593123,-0.06725892,-0.10028677, 0.4966896 ,-0.24100347, 0.18272649,
  0.06648509,-0.08888041, 0.19680083,-0.5012038 ],
[-0.00741543,-0.02410977, 0.47254452,-0.08527303,-0.3474184 , 0.07519976,
  0.16092893, 0.15439415, 0.04503705,-0.44388536],
[-0.02690774,-0.12789105, 1.2368294 ,-0.2430865 ,-0.27114132,-0.23932801,
  0.06700041, 0.02104454,-0.3085529 ,-0.10796196],
[-0.02246583, 0.00542587, 0.3217874 ,-0.0242669 ,-0.05890012,-0.04884987,
 -0.10304654, 0.02374349,-0.07377767,-0.01964958],
[ 0.02612268,-0.00210784, 0.0365712 ,-0.00143971,-0.0268699 ,-0.0095887 ,
 -0.01480002,-0.00566474,-0.00069102,-0.00153193],
[-3.3211745e-05,-1.0442978e-05,-1.8258666e-05,-8.6496031e-04,
 -9.9110669e-03,-3.6760667e-04,-4.5399711e-06, 1.0234472e-02,
 -2.0800848e-04, 1.1836238e-03],
[-5.5357045e-06, 8.7046334e-05,-1.6192801e-04, 5.2717730e-04,
 -3.7913523e-07,-3.1748973e-04,-1.6942834e-06, 6.7186244e-05,
 -7.0387927e-05,-1.2399758e-04],
[-0.01380186,-0.00060594,-0.00339499, 0.07605386,-0.01059247,-0.03027529,
 -0.00148129, 0.02744015,-0.00563661,-0.03770548],
[-0.10679553,-0.00635468, 0.13000454, 0.6387862 ,-0.15369363, 0.00906905,
 -0.08937894,-0.07271446,-0.1366026 ,-0.21231693],
[ 0.08913218,-0.09640153, 0.53952765, 0.28001982,-0.01056416, 0.40066892,
 -0.38198325,-0.15724313,-0.33529958,-0.32785398],
[ 0.07184316,-0.40563768, 0.7421923 , 0.32232875,-0.05746548, 0.27601248,
 -0.32498658,-0.08616015,-0.1108074 ,-0.42731982],
[ 0.12043007,-0.7797201 , 0.1936781 , 0.30614504,-0.12987408, 0.5934183 ,
  0.02643985,-0.43838432, 0.1541898 ,-0.04632721],
[ 0.05381488,-0.51455814, 0.48222372,-0.12608273, 0.02070105, 0.20439814,
  0.24820632,-0.35160103, 0.00734674,-0.02445516],
[ 0.31051412,-0.0588539 , 0.02425137,-0.05718884, 0.11533211,-0.01437561,
  0.15581846,-0.30075148, 0.01163551,-0.18638562],
[ 0.34924394,-0.01213439, 0.0078933 ,-0.4813984 , 0.15906847,-0.19063929,
  0.35731658,-0.33371133, 0.27348992,-0.12913011],
[ 0.4669661 ,-0.2193277 , 0.3046414 ,-0.5044058 ,-0.29645598,-0.26039714,
  0.23168847,-0.34210742, 0.30553478, 0.31386167],
[ 0.15556206,-0.18213768, 0.1292236 ,-0.5307025 ,-0.05341816,-0.16774686,
  0.13658795,-0.08744304, 0.40353426, 0.19654068],
[-0.324957  ,-0.02070361, 0.3987696 ,-0.5582391 , 0.23119596,-0.12354626,
  0.7282413 ,-0.22888513, 0.29658478,-0.39846095],
[-0.712549  , 0.05909395, 0.38049677,-0.2477875 , 0.3815024 ,-0.13026306,
  0.44312832, 0.14970647,-0.04756818,-0.27576175],
[-0.4575719 , 0.23931664, 0.1654835 ,-0.19700953, 0.31460458,-0.01517532,
 -0.03853444,-0.159463  ,-0.11334259, 0.26169196],
[-0.12422279,-0.32192957,-0.08377563, 0.28444365, 0.16188888,-0.07932083,
  0.07517246,-0.12246819, 0.06573676, 0.144479  ],
[ 0.0091229 ,-0.54686517, 0.06193775, 0.52201176, 0.3123618 , 0.02194225,
  0.18861662,-0.18687607,-0.25368515,-0.12856787],
[ 0.02984779,-0.12737799, 0.28715804, 0.18001749,-0.24055372, 0.19294266,
  0.19710727,-0.09177927,-0.30249673,-0.12486712],
[-0.01802152, 0.08983515, 0.08526547, 0.11778361,-0.036407  ,-0.17486013,
  0.28352624,-0.11764941,-0.10641223,-0.12306299],
[-0.07821755,-0.00027284, 0.2211794 , 0.12194126,-0.22998837, 0.17095642,
  0.00594507,-0.03956275,-0.07137651,-0.10060955],
[-0.19086906, 0.09405439,-0.0180486 , 0.09334341,-0.00314232, 0.0201457 ,
 -0.06936163, 0.00430574, 0.04721033, 0.02235662],
[-0.12894812, 0.02935881, 0.21777669, 0.39683893, 0.09655729,-0.03118353,
  0.04893639,-0.12383383,-0.26834494,-0.23716334],
[ 0.3236281 ,-0.05287993, 0.1457545 , 0.4337827 ,-0.40929645, 0.12907346,
 -0.00305306,-0.22366782,-0.00980211,-0.33354226],
[ 0.09547901,-0.08698738, 0.5487412 , 0.22340749,-0.2758454 , 0.2330102 ,
  0.11098216,-0.50611037, 0.18095797,-0.5236312 ],
[-0.04036757, 0.01988928, 0.95698804,-0.33105552,-0.29123142, 0.28762043,
  0.08588099,-0.2371154 ,-0.08366334,-0.36694062],
[-0.03774979, 0.05737996, 0.87778705,-0.16399416,-0.26542494,-0.14259227,
  0.07463755,-0.02133616,-0.28006816,-0.09863909],
[-0.01114514, 0.04067696, 0.08756898,-0.01720366,-0.02461731,-0.03632173,
 -0.02566975, 0.03821383,-0.04719202,-0.0043101 ],
[-7.1564969e-03,-6.8593599e-06, 4.6381351e-02,-2.0938984e-04,
 -1.9160630e-05,-2.0812264e-02,-1.7415971e-02,-8.3027244e-06,
 -2.9821086e-04,-4.5469028e-04],
[-1.5208171e-08, 7.6734614e-05,-5.7514590e-05,-4.2797137e-06,
 -1.8385526e-08,-8.7897234e-08,-5.2171686e-07,-6.5037733e-07,
 -1.3241452e-05,-4.0513439e-07],
[ 0.00856933, 0.00040317,-0.00218019,-0.00020381,-0.01640212,-0.00103795,
 -0.00087277, 0.03566778,-0.00116459,-0.02277886],
[-0.00463622,-0.00041588,-0.00437475, 0.06481806, 0.00118275,-0.03624266,
 -0.00254336, 0.0253646 ,-0.01439277,-0.02875973],
[-0.07925271,-0.00912926,-0.05799066, 0.62447476, 0.08256873, 0.03150318,
 -0.08811709,-0.13666655,-0.20392542,-0.16346207],
[-0.01390746,-0.18316789, 0.29134727, 0.3721138 ,-0.00873744, 0.42391244,
 -0.22284564,-0.10329489,-0.30231717,-0.253102  ],
[ 0.05043732,-0.62586665, 0.18000033, 0.553847  , 0.08750167, 0.20764478,
 -0.20995302,-0.1772561 , 0.19951849,-0.2658729 ],
[ 0.22778828,-0.36464068, 0.04177826, 0.09856944,-0.04815957, 0.34128085,
  0.04344332,-0.35747477, 0.13864556,-0.12123515],
[ 0.19271612, 0.0862968 , 0.35735252,-0.10229151,-0.09887531, 0.09532962,
  0.17309143,-0.5412776 ,-0.12946412,-0.03288515],
[ 0.23642808, 0.00839583, 0.17737965,-0.02738145,-0.23824134, 0.3093017 ,
 -0.05534928,-0.26537225, 0.03874067,-0.18390785],
[ 0.05875108, 0.1101177 , 0.34054616,-0.0264114 ,-0.4729148 , 0.05217517,
  0.42459255,-0.35077888, 0.27120546,-0.40728763],
[ 0.2945776 ,-0.13587098, 0.4109187 ,-0.09751294,-0.5406841 , 0.0291443 ,
  0.60043705,-0.65376717, 0.29565993,-0.20290568],
[ 0.41412634,-0.1632317 , 0.15815817,-0.30105025,-0.09429941, 0.03298883,
  0.783085  ,-0.26934287,-0.19607858,-0.3643569 ],
[ 0.3615499 ,-0.14214563, 0.18496044,-0.29531372,-0.6205371 , 0.01915612,
  0.6328119 ,-0.1037505 , 0.03988058,-0.07661364],
[-0.12326676, 0.22686821, 0.56905633,-0.11234858,-0.23822854, 0.06349051,
  0.18708925,-0.15696287,-0.21649073,-0.19920808],
[-0.25066018,-0.18482512, 0.14506184, 0.04605833, 0.26323912,-0.07309419,
  0.36702368, 0.13793148,-0.14689742,-0.30383787],
[-0.12819621, 0.02927595, 0.24484672, 0.07981694,-0.06639514, 0.09850504,
  0.27991176,-0.2143134 ,-0.03543781,-0.2880127 ],
[-0.19741827, 0.24177013, 0.28835982, 0.17785464,-0.05410437,-0.08835933,
  0.29460752,-0.45338592,-0.03219479,-0.17713088],
[ 0.08592722,-0.05230321, 0.30626217, 0.3692972 ,-0.15564929,-0.1754511 ,
  0.21150327,-0.39115506, 0.11002505,-0.30845845],
[ 0.02095316, 0.12672104, 0.08969496, 0.27418473,-0.16408817, 0.03606809,
  0.08672379,-0.4535459 , 0.1475889 ,-0.16430506],
[-0.1464676 , 0.21036978,-0.06294758, 0.21464063,-0.3028866 , 0.01953971,
  0.1085189 ,-0.07100704, 0.01768681, 0.0125463 ],
[ 0.02068973, 0.08172894, 0.21542726,-0.07352351,-0.25264126, 0.2632887 ,
  0.00507445,-0.29364324, 0.0122816 , 0.02130987],
[ 0.13863468, 0.02292235, 0.31271094, 0.2550301 ,-0.04417533, 0.15034641,
  0.15588066,-0.5212301 ,-0.13683712,-0.3332878 ],
[ 0.380182  ,-0.04893029, 0.46978   , 0.15688005,-0.62816066, 0.11996782,
  0.24034761,-0.592152  , 0.3005032 ,-0.39841783],
[ 0.02500055,-0.02841993, 0.4213046 , 0.19862834,-0.44640055, 0.33693695,
  0.0641563 ,-0.58756   , 0.27797088,-0.26161295],
[ 0.02705092, 0.10222517, 0.42157164,-0.18143097,-0.27586237, 0.34183675,
 -0.00937269,-0.1312524 ,-0.13070104,-0.16406289],
[-0.06356096, 0.13210319, 0.6725409 ,-0.08479103,-0.1320482 ,-0.01492264,
 -0.14942019,-0.04261304,-0.254778  ,-0.06250954],
[-0.01253309, 0.03783197, 0.20954424,-0.01264848,-0.00279801,-0.05842815,
 -0.08012634,-0.00302027,-0.05499981,-0.02282209],
[-2.32831691e-03, 6.62000239e-05, 1.88859999e-02,-1.31293084e-04,
 -1.03403764e-07,-5.55606512e-03,-1.08336974e-02,-4.57731005e-07,
 -1.02051861e-04,-2.15844750e-07],
[0.,0.,0.,0.,0.,0.,0.,0.,0.,0.],
[ 2.1585677e-02,-3.2028627e-05,-4.6986281e-03,-1.0624825e-03,
 -1.1633387e-04,-1.1567121e-03,-2.1826839e-03,-2.0086358e-04,
 -2.4921414e-03,-9.6438024e-03],
[-0.00816681,-0.0080016 , 0.06504798, 0.02099195, 0.0078417 ,-0.01628094,
 -0.00247234,-0.01451408,-0.01851593,-0.02592982],
[-7.6211393e-02,-2.7644480e-02, 1.2603621e-01, 4.5181206e-01,
 -2.1112429e-04, 1.0676837e-01,-6.0370740e-02,-1.6115607e-01,
 -1.9571599e-01,-1.6330424e-01],
[ 0.08614077,-0.1195674 , 0.37315693, 0.5316648 ,-0.07782172, 0.1049777 ,
 -0.20812698,-0.32622537,-0.23773278,-0.12646542],
[ 0.3143004 ,-0.51048267, 0.3468059 , 0.32503805,-0.24617645, 0.44432175,
 -0.27962354,-0.36028105,-0.09644583, 0.06254238],
[ 0.21801862,-0.06671606, 0.32220683, 0.48533452,-0.29537913, 0.29710677,
 -0.18306515,-0.5255603 ,-0.04880616,-0.20314382],
[ 0.1489553 , 0.07852398, 0.67642415, 0.22593999,-0.5289127 ,-0.18669009,
  0.24068089,-0.5755131 , 0.45824033,-0.5376565 ],
[ 0.20581304, 0.29420704, 0.35429543, 0.23370521,-0.64246386, 0.27590573,
 -0.14156084,-0.31175593, 0.00325384,-0.27140543],
[ 0.195675  , 0.15073389, 0.29610288, 0.41282567,-0.37782735, 0.21987557,
  0.28225115,-0.39724037,-0.202952  ,-0.5794528 ],
[ 0.29607794, 0.23045468, 0.29782155,-0.0411789 ,-0.47693214,-0.05378198,
  0.5595114 ,-0.35622978, 0.16117617,-0.616922  ],
[ 0.42363355, 0.23151015, 0.49780393,-0.22469994,-0.14092867, 0.09788606,
  0.33782503,-0.35700214,-0.16769561,-0.6983347 ],
[ 0.59911835, 0.1868236 , 0.2810536 ,-0.49314055,-0.23946092,-0.04759756,
  0.54199696,-0.17802975, 0.03612635,-0.68688995],
[ 0.20681201,-0.12026121, 0.07523727,-0.04981353,-0.41051796, 0.08984623,
  0.20610896, 0.01115462, 0.09316128,-0.10172968],
[-0.01332983,-0.01696631,-0.08035173, 0.13099276,-0.0897219 ,-0.12445579,
  0.7789597 , 0.08615309,-0.35674044,-0.31454253],
[-0.01652535, 0.00154157, 0.07289581,-0.05786663,-0.02709693, 0.0505377 ,
  0.3948194 ,-0.3300853 , 0.21502753,-0.30324936],
[-0.18116659, 0.3667254 , 0.06121426, 0.07551365, 0.10296272, 0.20373201,
  0.202795  ,-0.46511754,-0.2568565 ,-0.10980406],
[-0.00060609, 0.37872013,-0.15596782, 0.24513806, 0.12682046, 0.26192987,
 -0.01961007,-0.59917706,-0.05086812,-0.18638223],
[-0.06590624, 0.46706733, 0.18262589, 0.34273636,-0.09852628, 0.19593772,
  0.29747054,-0.9019471 ,-0.05090944,-0.36855078],
[-0.06981733, 0.45721462, 0.3490089 , 0.07808137,-0.33677214, 0.11898018,
  0.04722894,-0.5024549 ,-0.0393087 ,-0.10216506],
[-0.00437093, 0.22034472, 0.24649203, 0.300152  ,-0.24645089,-0.06010702,
  0.3149191 ,-0.7376339 , 0.24852653,-0.2818769 ],
[ 0.13029703, 0.00240319, 0.38295734, 0.12329282,-0.09365728, 0.11950117,
  0.17328389,-0.71902055, 0.31361088,-0.43267012],
[ 0.21675824,-0.04823429, 0.29360864, 0.03923529,-0.42385   , 0.60907644,
 -0.07925264,-0.6583682 , 0.37705106,-0.32602087],
[-0.09577863,-0.0642207 , 0.2717665 , 0.11144897,-0.36586812, 0.2602171 ,
  0.03665666,-0.36044845, 0.26442778,-0.05819873],
[-0.0433625 ,-0.02839654, 0.6206763 ,-0.11067833,-0.19738485, 0.12645732,
 -0.11987048,-0.05468563,-0.25278845, 0.06003655],
[-0.05588214, 0.02467704, 0.31913885,-0.04694586,-0.13418156, 0.13359897,
 -0.07070284,-0.05985278,-0.1687745 , 0.05892538],
[-0.00243762, 0.03617274, 0.06532715,-0.00424937,-0.00053737,-0.00920991,
 -0.01652327,-0.00203434,-0.0507261 ,-0.01578194],
[-4.8087128e-07, 2.7213705e-04,-2.0355394e-04,-1.1809022e-05,
 -4.2525578e-05, 3.8166301e-04,-1.4514263e-06,-1.8554175e-06,
 -3.8728383e-04,-4.8395441e-06],
[-3.0140341e-09, 8.8315588e-05,-3.9663391e-05,-1.7985843e-05,
 -1.3929504e-07,-5.4894650e-07,-4.1087304e-07,-6.1337837e-06,
 -2.2436569e-05,-9.9431691e-07],
[-2.2607483e-05, 1.2581201e-05,-6.4588203e-06, 1.1176395e-03,
 -1.5588289e-06,-5.0475704e-04,-7.1219615e-06,-2.4112134e-04,
 -8.4973290e-05,-2.6162234e-04],
[-0.0305866 ,-0.01505209, 0.12886737, 0.05160988,-0.00055167,-0.03113552,
 -0.00153184,-0.0706756 ,-0.0143613 ,-0.01658248],
[-0.05264521,-0.01441536, 0.23173456, 0.2953026 ,-0.06965634, 0.10402766,
 -0.0384772 ,-0.2052645 ,-0.12698096,-0.12362222],
[-0.0780537 , 0.07616585, 0.2471167 , 0.2865987 ,-0.1340667 , 0.36949727,
 -0.21629237,-0.36082798,-0.04254315,-0.147592  ],
[ 0.24046469, 0.45626676, 0.1820219 , 0.00435197,-0.16610572, 0.08002093,
 -0.32218382,-0.3921054 ,-0.06111747,-0.02161485],
[ 0.18030897, 0.35699472, 0.16865379, 0.30860448,-0.49863717, 0.18626717,
 -0.41339532,-0.51446927, 0.3287191 ,-0.10305224],
[ 0.13089226, 0.14444777, 0.15191302, 0.30346182,-0.49063087, 0.3683613 ,
 -0.03437727,-0.5974479 , 0.33162862,-0.30825546],
[-0.14260162, 0.24891898,-0.12541693, 0.26887655, 0.02579794, 0.19448802,
  0.22706917,-0.34432387,-0.12013284,-0.23268284],
[ 0.00317409, 0.05352906, 0.29593602,-0.278872  ,-0.09695008, 0.1562846 ,
  0.2544236 ,-0.46149373, 0.29550818,-0.22154713],
[ 0.21614742, 0.33745456, 0.19878693,-0.11587723,-0.24512218, 0.00499275,
  0.2134631 ,-0.2099634 ,-0.14673254,-0.25315458],
[ 0.3623914 ,-0.11158995, 0.1260685 ,-0.09275119,-0.07486234, 0.16586275,
  0.34287235,-0.27730244, 0.00434823,-0.44504106],
[ 0.36532497,-0.12225774,-0.03357296,-0.02610578,-0.14813201, 0.0998608 ,
  0.68847066,-0.14752972,-0.22606453,-0.44999653],
[ 0.09149494,-0.20469162, 0.24491958,-0.00832157,-0.26653072, 0.08664219,
  0.63654804,-0.25667346, 0.07539566,-0.39878413],
[-0.06481638, 0.2431705 , 0.21524704,-0.11159549,-0.22998592, 0.18398951,
  0.6820535 ,-0.37580737,-0.096236  ,-0.44601777],
[ 0.04402306, 0.12081855,-0.04266477, 0.07837467, 0.06759232, 0.08611176,
  0.3175283 ,-0.18831928,-0.06761833,-0.4158491 ],
[ 0.08168675,-0.06491683, 0.14386028, 0.0998798 ,-0.19367112,-0.07498442,
  0.29895738, 0.02353964,-0.15535647,-0.15899745],
[-0.19777948, 0.0152609 , 0.3547114 ,-0.0564528 , 0.08865653, 0.18136907,
  0.44888228,-0.36808655, 0.00529597,-0.47186106],
[-0.16406557, 0.49723175, 0.33943844, 0.21692713,-0.18485239,-0.03554542,
  0.37229934,-0.42395186,-0.13500485,-0.48247963],
[-0.2980827 , 0.30309513, 0.49941775, 0.32901415, 0.01289671,-0.06727222,
  0.16612895,-0.47331384,-0.1248045 ,-0.34708387],
[-0.12214641, 0.44952318, 0.06275178,-0.04651547,-0.01909176, 0.24100429,
  0.16748491,-0.58582455, 0.13466467,-0.28185287],
[ 0.04393145, 0.31072158, 0.22320719,-0.19536215,-0.01565485, 0.46444145,
 -0.00673738,-0.6973222 , 0.01394675,-0.14117295],
[ 0.09199522,-0.21878804, 0.4041865 ,-0.01814037,-0.15089309, 0.47518232,
  0.13185932,-0.61623   , 0.17365621,-0.27282298],
[-0.01221083,-0.17425603, 0.6787273 ,-0.21468206,-0.04109716, 0.29354405,
 -0.05115647,-0.35998085,-0.04385595,-0.07502999],
[-0.07377577, 0.03343842, 0.44106844,-0.17571253,-0.11184685, 0.19815962,
 -0.07440037,-0.06553304,-0.32405746, 0.15266293],
[-0.04129463, 0.00297236, 0.20148765,-0.04051545,-0.12373143, 0.17771247,
 -0.06014939,-0.03033193,-0.10701554, 0.02086635],
[ 0.03661542,-0.00133411, 0.02412557,-0.00738867,-0.00395059, 0.00403783,
 -0.00544333,-0.00376968,-0.01201278,-0.03087965],
[ 3.5311439e-06,-1.2658632e-12,-8.8000246e-07,-9.9254670e-08,
 -2.8792421e-10,-3.8789005e-07,-8.2434269e-08,-3.0227806e-10,
 -2.0675395e-06,-1.3835458e-08],
[-2.9198453e-09, 8.5555723e-05,-3.8423914e-05,-1.7423783e-05,
 -1.3494206e-07,-5.3179201e-07,-3.9803331e-07,-5.9421031e-06,
 -2.1735428e-05,-9.6324436e-07],
[-4.6255809e-07, 2.5539242e-05,-1.4012442e-05, 3.1020321e-05,
 -6.3701151e-08,-1.3483044e-05,-1.2966088e-07,-1.2926343e-05,
 -7.7771210e-06,-7.7051664e-06],
[-0.00490587,-0.0149879 , 0.08257064, 0.08892833,-0.00025064,-0.01991912,
 -0.0002605 ,-0.09893268,-0.01151569,-0.02072638],
[-0.06910912,-0.0211739 , 0.16540085, 0.32177427,-0.07704239, 0.02262126,
 -0.01655517,-0.23140515,-0.03723428,-0.05727488],
[-0.33387175, 0.17900501, 0.24694645, 0.19900182,-0.12923075, 0.3616205 ,
 -0.11107509,-0.2801998 , 0.0041372 ,-0.13632981],
[-0.07018952, 0.9560341 , 0.21795022, 0.07178716,-0.23052134,-0.10683065,
 -0.2228467 ,-0.13179009,-0.09141371,-0.39217725],
[ 0.05311122, 0.54347163, 0.42042646, 0.20250714,-0.31033063,-0.25807717,
 -0.40019923,-0.17151694, 0.11354925,-0.19294544],
[ 0.05692356, 0.05041695, 0.3857273 , 0.17684607,-0.32510105,-0.01572825,
 -0.28502682, 0.05276849, 0.18909764,-0.28592813],
[ 0.25132424, 0.08611998, 0.3685071 ,-0.06846928,-0.21319324, 0.05764421,
 -0.14843655,-0.11969186,-0.1367612 ,-0.07704998],
[ 0.16280721, 0.15741454, 0.3608936 , 0.01663668,-0.3209243 , 0.09981425,
  0.08224079,-0.30297896,-0.07038102,-0.18552871],
[ 0.15921155,-0.10431196, 0.1404878 ,-0.02155145,-0.21322201,-0.15612985,
  0.20157807,-0.13588755, 0.04743902, 0.08238199],
[ 0.14451233,-0.42286474, 0.17371003, 0.14513609,-0.18170361, 0.15547292,
 -0.0113889 ,-0.3238817 , 0.3121478 , 0.00885633],
[ 0.13650376,-0.59876263, 0.12095728,-0.10974294,-0.2576152 , 0.15524676,
  0.38677832,-0.03136646, 0.17635846, 0.02164008],
[ 0.6438133 ,-0.3708522 , 0.01348535,-0.1796597 ,-0.07437417, 0.2796784 ,
  0.34224245,-0.47354117, 0.08329614,-0.26409352],
[ 0.11980159,-0.07550276,-0.1264756 ,-0.13318917,-0.21103598, 0.1927079 ,
  0.01926516,-0.0636951 , 0.27219754, 0.0059244 ],
[ 0.13513267, 0.07317517,-0.14214315, 0.0968397 ,-0.2434885 , 0.07155877,
  0.3676715 ,-0.09184455, 0.12084408,-0.387748  ],
[ 0.07066789, 0.05803507, 0.00968728, 0.06662329,-0.20941362, 0.1307483 ,
  0.1929264 ,-0.05852807,-0.09217431,-0.1685742 ],
[ 0.14318615, 0.27075762,-0.05726516, 0.28296477, 0.02367209,-0.06946217,
  0.07933129,-0.3287492 ,-0.01566381,-0.32877296],
[-0.10923935, 0.476799  , 0.13476454, 0.04694657,-0.08391917, 0.18141563,
 -0.05266153,-0.30730814, 0.02779845,-0.31459776],
[-0.12119482, 0.29269442, 0.289524  , 0.22575581, 0.24861924, 0.20679697,
 -0.01257626,-0.2907891 ,-0.27306715,-0.56576395],
[-0.20647572, 0.35291016, 0.28104538, 0.16586432, 0.00683314, 0.17806938,
  0.14210786,-0.606942  ,-0.1486961 ,-0.16471677],
[-0.08926303, 0.04338603, 0.25102562,-0.08948039, 0.30971277, 0.0596647 ,
  0.14433768,-0.6818953 , 0.1877606 ,-0.13524592],
[ 0.06774097,-0.18902574, 0.43240857, 0.09787536,-0.02345688, 0.24073657,
 -0.11338798,-0.49251738,-0.04526692, 0.02489656],
[ 0.05485872,-0.10083498, 0.31718153,-0.11388526,-0.10797887, 0.3243465 ,
 -0.17501657,-0.36965352, 0.01453583, 0.1564504 ],
[-0.0657211 ,-0.01133407, 0.23696338,-0.13862848,-0.11445287, 0.22471902,
 -0.07512055,-0.06037888,-0.13666165, 0.1406167 ],
[-0.03296132,-0.00065913, 0.06330656,-0.0319119 ,-0.08192328, 0.12986615,
 -0.01638349,-0.02494124,-0.04473334, 0.04034122],
[ 3.8599605e-03, 5.9918398e-03,-3.3437550e-02,-9.8386241e-05,
  5.5313939e-03, 3.3900723e-02,-1.3566962e-04,-1.6935957e-03,
 -5.4634148e-03,-8.4553119e-03],
[ 6.5190352e-06,-2.3369787e-12,-1.6246198e-06,-1.8323939e-07,
 -5.3155241e-10,-7.1610469e-07,-1.5218635e-07,-5.5805177e-10,
 -3.8169960e-06,-2.5542382e-08],
[0.,0.,0.,0.,0.,0.,0.,0.,0.,0.],
[0.,0.,0.,0.,0.,0.,0.,0.,0.,0.],
[-1.8960213e-04,-1.4328252e-04, 2.1247887e-03, 9.3114659e-02,
 -1.9012979e-04,-5.1172118e-04,-4.0633087e-05,-7.2665006e-02,
 -2.1769428e-03,-1.9322060e-02],
[-0.03233402,-0.0638517 ,-0.05143596, 0.3550204 ,-0.01871981, 0.05650043,
 -0.00290827,-0.18788719,-0.04944193,-0.00494139],
[-0.22043619,-0.02676172,-0.0351898 , 0.4230312 ,-0.07397687, 0.2633805 ,
 -0.02390064,-0.02399706,-0.08653429,-0.19561163],
[-0.25147352, 0.52277154,-0.05270409, 0.36309698,-0.14023533, 0.27350074,
 -0.0717256 , 0.10325436,-0.44636056,-0.30012053],
[-0.10633045, 0.41715354, 0.05055476, 0.2408283 ,-0.0769788 ,-0.01922772,
 -0.150273  , 0.27135774,-0.3707149 ,-0.25636938],
[ 0.13372922, 0.09746037, 0.15270114, 0.32847095,-0.0401182 ,-0.32252422,
 -0.31640854, 0.40276346,-0.19565544,-0.24041982],
[ 0.19619355,-0.02045233, 0.21739261, 0.00450163,-0.0034497 , 0.12018812,
 -0.3031577 ,-0.46843246, 0.25575066, 0.0014625 ],
[ 0.3046521 , 0.14158022, 0.2040618 , 0.1733337 ,-0.0579779 , 0.09877087,
 -0.28237554,-0.20347703, 0.06487913,-0.44344905],
[ 3.5490486e-01,-5.3827729e-02,-3.9603874e-02, 1.3561231e-01,
 -5.7019442e-03, 3.6183527e-01,-4.1300482e-01,-2.2057830e-01,
 -1.1931068e-01,-3.2710307e-04],
[ 0.35276178,-0.0828619 , 0.22189133, 0.30714086,-0.0258162 , 0.08016834,
 -0.29233873,-0.40522823, 0.04954275,-0.20526084],
[ 0.16945319, 0.29431555, 0.1540048 ,-0.23257849,-0.19046885, 0.1221215 ,
 -0.00118106,-0.41226903, 0.18823926,-0.09163918],
[ 0.2405236 , 0.01144241,-0.1700434 , 0.22931494,-0.1437165 ,-0.08297956,
 -0.06446517,-0.32905424, 0.50661176,-0.19763432],
[ 0.2635292 ,-0.21978548,-0.1012994 ,-0.15080196,-0.01157146, 0.17621174,
  0.04762517,-0.18118924, 0.16877064, 0.00850953],
[ 0.2551397 , 0.17030649,-0.12747619,-0.02195541,-0.08510806,-0.03677531,
 -0.0051944 ,-0.06979873, 0.17595255,-0.2550905 ],
[ 0.00086617, 0.04847625, 0.00958726,-0.28684688, 0.1271475 , 0.23540056,
 -0.05971107,-0.24723643, 0.30523497,-0.13291843],
[ 0.09579773, 0.2928174 ,-0.13387665, 0.10063224,-0.06176229, 0.00524936,
 -0.02754732,-0.13547269, 0.04946507,-0.18530393],
[-0.42767012,-0.02611676, 0.28608146, 0.32614353, 0.25430325,-0.30662498,
  0.05942611,-0.25609177, 0.23314157,-0.14259174],
[-0.46890053, 0.0599486 , 0.5229106 ,-0.0271873 , 0.14689259,-0.01088495,
  0.10929704,-0.4865276 , 0.2065882 ,-0.0521388 ],
[-0.43507624,-0.09469435, 0.44394484, 0.11014771, 0.24377747, 0.07976751,
  0.04531254,-0.6810423 , 0.2281636 , 0.05970127],
[-0.22217011,-0.16848178, 0.57584846,-0.05886822, 0.24406329, 0.00960484,
 -0.04237704,-0.63186604, 0.05001687, 0.24423459],
[-0.07806978,-0.12310153, 0.5086297 ,-0.21396415,-0.18781665, 0.11639875,
 -0.05023483,-0.40914705, 0.01656774, 0.42074227],
[-0.06273826,-0.11119241, 0.2966906 ,-0.12618835,-0.19143711, 0.21763577,
 -0.05708333,-0.39848486, 0.12894347, 0.30385828],
[-0.10237144,-0.03145555, 0.2557636 ,-0.06226085,-0.12243331, 0.16302805,
 -0.04192965,-0.11423197,-0.08908893, 0.14498064],
[-0.02218589, 0.0027082 , 0.07659016,-0.03655689,-0.00171356, 0.06444269,
 -0.00929972,-0.02711906,-0.03549876,-0.01136715],
[-1.2881954e-05, 2.7015284e-02,-2.2758458e-02, 1.1995061e-02,
  5.8661937e-03, 2.0083537e-02,-1.3236252e-04,-1.3417267e-03,
 -2.4726449e-02,-1.5988193e-02],
[0.,0.,0.,0.,0.,0.,0.,0.,0.,0.],
[0.,0.,0.,0.,0.,0.,0.,0.,0.,0.],
[0.,0.,0.,0.,0.,0.,0.,0.,0.,0.],
[-7.9633330e-04,-5.0503777e-06,-1.2302642e-03, 3.8254272e-02,
 -7.7496916e-06,-2.9572233e-04,-5.7163959e-07,-3.2515995e-02,
 -7.2296207e-05,-3.3302782e-03],
[-0.00174298,-0.0423706 ,-0.10787126, 0.2331868 ,-0.00071657, 0.04660524,
 -0.00057626,-0.02912818,-0.08433034,-0.01305582],
[-0.01570681,-0.09277272,-0.17768507, 0.39940733,-0.02742235,-0.02280205,
 -0.00511273, 0.14839844,-0.24766493, 0.04136226],
[-0.09944129, 0.06976902,-0.3212035 , 0.3143098 ,-0.02351578, 0.00263509,
 -0.02756335, 0.5111717 ,-0.47937623, 0.05321784],
[-0.1342739 , 0.03388101,-0.43042603, 0.5709138 ,-0.01769265,-0.04064876,
 -0.04277841, 0.50723886,-0.50480026, 0.05858739],
[-0.22838284,-0.0911902 ,-0.35084695, 0.58145785,-0.00876384, 0.03906832,
 -0.09703102, 0.27936324,-0.31806484, 0.19439125],
[-0.14743927,-0.20895262,-0.14950575, 0.1352676 ,-0.03546001, 0.12256759,
 -0.17868195, 0.16310711, 0.19434932, 0.10474931],
[-0.06731863,-0.18673271,-0.00265558, 0.18466271, 0.05785707, 0.47134465,
 -0.25848252,-0.04054755, 0.08175392,-0.23988104],
[-0.05815771,-0.32319245,-0.18321618, 0.4874037 , 0.03806603, 0.19320154,
 -0.35773745, 0.03497535, 0.09115396, 0.07750276],
[-0.10457131,-0.36129093,-0.08336083, 0.47202083, 0.2442226 , 0.17950086,
 -0.52416295,-0.05036617, 0.47307685,-0.24506997],
[ 0.299803  ,-0.29858506, 0.15121245, 0.24319726,-0.18770027, 0.22272642,
 -0.4423729 ,-0.11727195, 0.41945085,-0.29046026],
[ 0.2970779 ,-0.38172582, 0.01437241, 0.35392395,-0.22147724, 0.4304077 ,
 -0.51309365, 0.17713557, 0.255152  ,-0.41177285],
[ 0.20506358,-0.37319115, 0.335831  , 0.36590695,-0.11456969, 0.28575417,
 -0.455815  ,-0.02079877, 0.26343918,-0.49161786],
[ 0.01558069,-0.2175597 , 0.04409632, 0.21552621,-0.14997129, 0.2900446 ,
 -0.3607621 ,-0.16446622, 0.35787094,-0.03035636],
[-0.07155728,-0.5632352 , 0.02180638, 0.35113698, 0.00704015, 0.10290659,
 -0.1727848 ,-0.18420376, 0.60864013,-0.09974912],
[-0.11600512,-0.17469576, 0.15849797, 0.25397956,-0.2008073 , 0.29649988,
 -0.1261867 , 0.01101101,-0.14873122, 0.04643818],
[-3.2826647e-01, 1.8134582e-04, 3.1442401e-01,-2.4523464e-01,
 -5.4494783e-02, 3.1081292e-01,-1.2274608e-01,-3.1601837e-01,
  3.7375516e-01, 6.7588471e-02],
[-0.40464666, 0.01698797, 0.04362289,-0.1751648 , 0.12253725, 0.06527232,
 -0.1406174 ,-0.27953848, 0.6649013 , 0.08664837],
[-0.40559918,-0.06449673, 0.06132989,-0.04647657, 0.12388457, 0.09694137,
 -0.0807134 ,-0.27470705, 0.18054287, 0.40929624],
[-0.2901589 ,-0.06052254, 0.30511728, 0.01098261, 0.05149632, 0.02494858,
 -0.08461065,-0.30173928,-0.03898813, 0.3834781 ],
[-0.13383017,-0.1097923 , 0.13384256,-0.058137  , 0.00644546, 0.25516552,
 -0.04661097,-0.2978919 ,-0.04637718, 0.2971884 ],
[-0.05069865,-0.04096754, 0.17180732,-0.03873275,-0.05473373, 0.17709148,
 -0.01903221,-0.35944223,-0.03392379, 0.24863243],
[-0.00718378,-0.0223996 , 0.36521843,-0.04272246,-0.08067614, 0.11991358,
 -0.00382085,-0.14606267,-0.09699958,-0.08526693],
[-0.00042182, 0.00958611, 0.19656701,-0.00601978, 0.01221519,-0.03286909,
 -0.00023832,-0.06055731,-0.042001  ,-0.07626097],
[-1.6620798e-07, 2.2817140e-03, 3.6148097e-02,-1.8659011e-05,
 -1.2797763e-04,-1.0080987e-03,-4.5961468e-05,-9.4656343e-07,
 -8.0394465e-03,-2.9188553e-02],
[0.,0.,0.,0.,0.,0.,0.,0.,0.,0.],
[0.,0.,0.,0.,0.,0.,0.,0.,0.,0.],
[0.,0.,0.,0.,0.,0.,0.,0.,0.,0.],
[-4.0095580e-05,-1.1893787e-07,-5.6799097e-05, 4.1388720e-03,
 -9.5625706e-05,-5.3250733e-06,-1.8489308e-06,-6.0393824e-03,
 -4.3016355e-04, 2.5304868e-03],
[-8.1518643e-05,-4.3788990e-03,-1.8055942e-02,-3.5462715e-02,
 -3.6244244e-05, 4.5758255e-02,-4.6831556e-05, 2.3727283e-02,
 -5.3056986e-03,-6.1176941e-03],
[-0.00228127,-0.06605873,-0.06258261,-0.01958441, 0.00099488, 0.05747878,
 -0.00061602, 0.16822834,-0.13131921, 0.05574042],
[-0.02198606,-0.12784232,-0.09515968, 0.13293335,-0.08474517,-0.01668351,
 -0.00120948, 0.07116622,-0.26360327, 0.407131  ],
[-0.10630871,-0.15285589,-0.07485314, 0.3792255 ,-0.16127087,-0.017699  ,
 -0.00486172,-0.05739071,-0.20478739, 0.4008049 ],
[-0.16479729,-0.20116971,-0.18119079, 0.6622626 ,-0.25355217,-0.00305025,
 -0.0103021 ,-0.00837007,-0.20063478, 0.36080885],
[-0.25350943,-0.19126697,-0.40275908, 0.92703825,-0.466752  ,-0.05470714,
 -0.04469142, 0.3644787 ,-0.26897106, 0.39114308],
[-0.3852235 ,-0.30201027,-0.50506663, 0.90399057,-0.3325917 , 0.19105695,
 -0.06188296, 0.45594364,-0.23850887, 0.2742951 ],
[-0.55209625,-0.6692174 ,-0.41582116, 0.8257169 ,-0.12206777, 0.25220564,
 -0.04790437, 0.23477352, 0.18032642, 0.31408763],
[-0.5546902 ,-0.55478585,-0.4546705 , 0.5846089 ,-0.27056095, 0.38847604,
 -0.04526982, 0.5408716 , 0.12338635, 0.24263236],
[-0.694511  ,-0.3320635 ,-0.2560685 , 0.81347996,-0.5200613 , 0.38088775,
 -0.02743856, 0.42168087,-0.12052371, 0.3346198 ],
[-0.6364301 ,-0.384732  ,-0.1562007 , 0.6450029 ,-0.24727704, 0.37094796,
 -0.10385592, 0.3354785 ,-0.04630751, 0.22337301],
[-0.62573355,-0.45746696,-0.00478623, 0.38994166,-0.22874886, 0.08848146,
 -0.1151645 , 0.2937324 , 0.20769124, 0.45205185],
[-0.57530034,-0.46093467, 0.10186581, 0.23770991,-0.27538133, 0.43556887,
 -0.1289249 , 0.15720928, 0.3397498 , 0.16844018],
[-0.39591303,-0.4804705 , 0.04394328, 0.3340241 ,-0.48226774, 0.327709  ,
 -0.10552471, 0.12877911, 0.32378358, 0.30594084],
[-0.43258485,-0.31778842,-0.04912986, 0.21975017,-0.46984497, 0.35540408,
 -0.06677494, 0.06554462, 0.3706289 , 0.32479984],
[-0.3863941 ,-0.18271959,-0.27572343, 0.164749  ,-0.35234302, 0.2835462 ,
 -0.05273413, 0.3011149 , 0.2287259 , 0.27177975],
[-0.23139754,-0.1564427 ,-0.34852582, 0.26359752,-0.48822686, 0.24840933,
 -0.03988502, 0.13416778, 0.15446794, 0.46384108],
[-0.25119776,-0.06006925,-0.26636195, 0.04269815,-0.28933683, 0.17715985,
 -0.02223997,-0.08248957, 0.06245909, 0.68938243],
[-0.20251793,-0.01312991,-0.217903  ,-0.10713313,-0.20136704, 0.2808792 ,
 -0.01073255,-0.08540712,-0.02476626, 0.58207935],
[-0.08618341,-0.00755989,-0.18239774,-0.0391295 ,-0.10494638, 0.34125906,
 -0.00722459, 0.01756319,-0.04551124, 0.11413147],
[-0.01956793,-0.0011919 ,-0.08936672,-0.00607864,-0.09131304, 0.24941833,
 -0.00389596,-0.07330351,-0.00465473, 0.03995431],
[-3.7788686e-03,-9.3802892e-06,-5.9141698e-03,-1.6797268e-04,
 -6.0200758e-02, 1.4944020e-01,-6.7071838e-04,-7.8635523e-03,
 -8.6234966e-03,-6.2211268e-02],
[-2.2605317e-07,-1.4053098e-05, 3.2102197e-02,-1.5844809e-04,
 -5.8249396e-04,-9.4399566e-06,-3.4816083e-05,-9.3556358e-04,
 -6.2213950e-03,-2.4145767e-02],
[-1.7077026e-07,-1.6798453e-05, 3.8383439e-02,-3.0370352e-06,
 -1.3579395e-04,-7.9312831e-06,-4.1516392e-05,-8.3030739e-07,
 -7.2034765e-03,-3.0973883e-02],
[0.,0.,0.,0.,0.,0.,0.,0.,0.,0.],
[0.,0.,0.,0.,0.,0.,0.,0.,0.,0.],
[0.,0.,0.,0.,0.,0.,0.,0.,0.,0.],
[0.,0.,0.,0.,0.,0.,0.,0.,0.,0.],
[0.,0.,0.,0.,0.,0.,0.,0.,0.,0.],
[-1.4683152e-04,-1.0444605e-03,-6.9336925e-04, 1.2322348e-03,
  5.3435885e-03,-2.5276467e-03,-2.7072261e-05,-8.1558503e-02,
 -1.1259068e-02, 9.0681128e-02],
[-4.9557397e-03,-3.0893574e-03,-2.4174803e-03, 3.4787275e-02,
 -1.5406029e-02,-7.1400185e-03,-1.1889012e-04,-1.8953565e-01,
 -4.8518129e-02, 2.3639420e-01],
[-0.01916496,-0.00777884,-0.01054404, 0.0612442 ,-0.08392283,-0.04406837,
 -0.00082919,-0.17249216,-0.09554258, 0.37309936],
[-0.04558342,-0.01183884,-0.02528765, 0.07316702,-0.17788678,-0.17084403,
 -0.00155484, 0.00336255,-0.03407888, 0.39054662],
[-0.06834378,-0.01841377,-0.03235253, 0.05639681,-0.26736405,-0.23257145,
 -0.00385816, 0.10220699, 0.00864003, 0.45566177],
[-0.13976236,-0.03572521,-0.03930555, 0.03348053,-0.46643773,-0.16398299,
 -0.00626609, 0.2277692 ,-0.0654517 , 0.6556853 ],
[-0.11869999,-0.11230603,-0.02829223, 0.08991141,-0.48892716,-0.05383179,
 -0.00716499, 0.24732183,-0.17915542, 0.65114677],
[-0.084324  ,-0.1040994 ,-0.09280379, 0.09772254,-0.56702536, 0.14269729,
 -0.00980657, 0.21969363,-0.13117534, 0.52912277],
[-0.05523057,-0.13264878,-0.04456174, 0.03256437,-0.567727  , 0.12438316,
 -0.01297664, 0.06038899,-0.13297643, 0.72878724],
[-0.12452386,-0.20640573,-0.09009615, 0.03351126,-0.6370219 , 0.00801942,
 -0.01757342, 0.4865557 ,-0.15104997, 0.6985875 ],
[-0.18021072,-0.17047772,-0.07852922,-0.01682202,-0.8266222 ,-0.01471277,
 -0.01644516, 0.5830976 ,-0.22800468, 0.948729  ],
[-0.13442014,-0.09544683,-0.09726563, 0.02154562,-0.7165611 , 0.14089718,
 -0.01542193, 0.5802238 ,-0.29505318, 0.61150366],
[-0.08988322,-0.07326258,-0.11392637, 0.154987  ,-0.6261964 , 0.02909806,
 -0.01196579, 0.3751886 ,-0.20343938, 0.55940187],
[-0.11757047,-0.04913634,-0.13919325, 0.12880528,-0.55592   ,-0.05340296,
 -0.00943138, 0.33627176,-0.10628014, 0.5658585 ],
[-0.08114831,-0.06437197,-0.08798863, 0.07574612,-0.6175873 ,-0.08649583,
 -0.00828682, 0.32036817,-0.08170598, 0.6314727 ],
[-0.01222038,-0.03681359,-0.02824691, 0.03738692,-0.5063831 , 0.01578304,
 -0.00490228, 0.2637074 ,-0.09474187, 0.36643168],
[-0.06291279,-0.01414162,-0.03074395,-0.00865549,-0.25440383, 0.08822113,
 -0.00508586, 0.00780678,-0.04940668, 0.329323  ],
[-0.08225287,-0.0091805 ,-0.04324886,-0.00636957,-0.12503216, 0.07925487,
 -0.0026612 ,-0.00251255,-0.02048356, 0.21248662],
[-0.04319903,-0.00194907,-0.01724028, 0.00147748,-0.07293243, 0.02898785,
 -0.00082328, 0.09140496,-0.00395064, 0.01822451],
[-1.9489155e-03,-2.6364172e-05,-6.0079485e-05,-3.2503114e-04,
 -8.2364790e-03, 3.7279195e-04,-5.7809739e-05, 3.3884775e-04,
 -3.2709475e-04, 1.0270136e-02],
[-6.6917187e-06,-2.8760749e-10,-2.7215606e-07,-1.5467019e-07,
 -2.7418896e-03,-4.0473267e-05,-1.3049796e-06,-1.2912895e-04,
 -3.0487603e-05, 2.9504029e-03],
[-2.5062377e-07,-1.5140330e-08,-1.2830592e-06,-4.6816484e-07,
 -2.2846397e-08,-7.3259088e-08,-5.3583071e-10, 2.3724941e-05,
 -4.5766160e-07,-2.1153286e-05],
[0.,0.,0.,0.,0.,0.,0.,0.,0.,0.],
[0.,0.,0.,0.,0.,0.,0.,0.,0.,0.],
[0.,0.,0.,0.,0.,0.,0.,0.,0.,0.],
[0.,0.,0.,0.,0.,0.,0.,0.,0.,0.],
[0.,0.,0.,0.,0.,0.,0.,0.,0.,0.],
[0.,0.,0.,0.,0.,0.,0.,0.,0.,0.],
[-9.87274461e-07,-6.16382067e-07,-1.22083335e-07,-1.39885501e-07,
 -4.29933849e-08,-1.65058964e-07,-4.78349471e-10, 1.20212586e-04,
 -1.01078367e-05,-1.08030188e-04],
[-2.0608424e-05,-1.5564671e-06,-3.2211021e-06,-4.8548560e-07,
 -1.2807511e-06,-4.0126633e-06,-3.6784236e-08, 6.2270573e-04,
 -3.1396772e-05,-5.6010584e-04],
[-6.6244858e-05,-4.0072064e-05,-1.7152862e-04,-3.1112511e-05,
 -1.0098882e-02,-3.0508541e-04,-2.4175172e-04,-1.6525371e-03,
 -8.3281106e-05, 1.2690501e-02],
[-1.20638906e-04,-2.20601141e-04,-9.28991416e-04,-6.50980874e-05,
 -5.74600957e-02,-1.85486616e-03,-1.37350988e-03,-1.07418494e-02,
 -2.95393867e-04, 7.30610564e-02],
[-0.00037424,-0.00020387,-0.00087912,-0.00016802,-0.05594276,-0.00216455,
 -0.00125132, 0.00298364,-0.00039965, 0.05839992],
[-1.2366471e-03,-7.1777693e-05,-4.2965612e-04,-1.7246831e-03,
 -2.3977291e-02,-1.1678551e-03,-2.4508350e-04, 5.3283824e-03,
 -9.3234592e-04, 2.4456955e-02],
[-0.00100887,-0.00382589,-0.00698415,-0.01045361,-0.05633013, 0.00191821,
 -0.00044165, 0.08894385,-0.0178374 , 0.00601968],
[-0.00122754,-0.00122352,-0.00279311,-0.00529244,-0.02983194, 0.00672226,
 -0.00040146, 0.03620918,-0.00394388, 0.00178246],
[-0.00139838,-0.00568933,-0.00108291,-0.00405068,-0.03854164, 0.00447165,
 -0.0001087 , 0.0240057 ,-0.00961541, 0.0320098 ],
[-0.00607921,-0.00648809,-0.00236896,-0.00793631,-0.03807205,-0.00394105,
 -0.00138938, 0.18419124,-0.00906638,-0.10884961],
[-0.01159714,-0.00420661,-0.00259278,-0.01194939,-0.13997947,-0.01166342,
 -0.00260335, 0.16914971,-0.0081466 , 0.02358955],
[-0.01054136,-0.00081969,-0.00117065,-0.00640363,-0.07365571,-0.00677406,
 -0.00128451, 0.15947628,-0.0069268 ,-0.0518996 ],
[-0.00654899,-0.00023849,-0.00072935,-0.00787093,-0.05177817,-0.00657408,
 -0.00079283, 0.14731677,-0.00236271,-0.070421  ],
[-0.00273891,-0.00742868,-0.00127814,-0.00577657,-0.0422694 ,-0.00844464,
 -0.00042925, 0.1757631 ,-0.00291883,-0.10447861],
[-0.00411088,-0.02325036,-0.00066497,-0.003234  ,-0.05061485,-0.00869554,
 -0.0004857 , 0.22279948,-0.00494022,-0.12680279],
[-2.6524509e-03,-3.0743273e-04,-2.6075082e-04,-2.5089770e-03,
 -4.4185132e-02,-9.2496593e-03,-1.0427124e-04, 1.6269341e-01,
 -2.6968382e-03,-1.0072796e-01],
[-4.8371954e-03,-3.7733666e-05,-6.6776536e-03,-1.3761382e-03,
 -8.1175277e-03,-2.2789851e-02,-6.4404536e-05, 4.6857499e-02,
 -2.7326713e-03,-2.2429960e-04],
[-1.6044799e-02,-1.0547233e-05,-4.9406323e-03,-3.2602306e-04,
 -6.0887313e-03,-1.0632372e-02,-3.3062803e-05, 2.6225930e-02,
 -1.5450949e-03, 1.3395337e-02],
[-4.7883533e-02,-1.1534384e-05,-1.8211151e-02,-1.8850066e-04,
 -1.3697565e-02,-9.4922818e-03,-6.0914976e-05, 6.7047969e-02,
 -1.6489062e-03, 2.4146426e-02],
[-1.0943155e-02,-2.2643712e-06,-2.3962426e-04,-2.0958858e-05,
 -3.1625426e-03,-2.1601634e-03,-1.2988793e-05, 2.6287114e-02,
 -3.4938453e-04,-9.3960334e-03],
[0.,0.,0.,0.,0.,0.,0.,0.,0.,0.],
[0.,0.,0.,0.,0.,0.,0.,0.,0.,0.],
[0.,0.,0.,0.,0.,0.,0.,0.,0.,0.],
[0.,0.,0.,0.,0.,0.,0.,0.,0.,0.]

]
b2 : [
-1.0147144,
0.91712135,
0.2553739,
-0.5421644,
-0.01053924,
2.4790554,
-0.4101223,
1.4151533,
-2.5568478,
-0.5323062

]
